'y-axis saved as y
'x,MoS2_Up.raw
10,768
10.039976,777
10.079952,701
10.119928,758
10.159904,762
10.19988,736
10.239856,731
10.279832,706
10.319808,670
10.359784,750
10.39976,693
10.439736,666
10.479712,623
10.519688,649
10.559664,694
10.59964,648
10.639616,598
10.679592,623
10.719568,656
10.759544,683
10.79952,631
10.839496,633
10.879472,672
10.919448,684
10.959424,624
10.9994,566
11.039376,643
11.079352,575
11.119328,626
11.159304,578
11.19928,563
11.239256,590
11.279232,581
11.319208,628
11.359184,552
11.39916,603
11.439136,612
11.479112,603
11.519088,612
11.559064,615
11.59904,603
11.639016,538
11.678992,597
11.718968,572
11.758944,573
11.79892,579
11.838896,528
11.878872,562
11.918848,536
11.958824,596
11.9988,568
12.038776,566
12.078752,585
12.118728,533
12.158704,548
12.19868,529
12.238656,559
12.278632,536
12.318608,528
12.358584,546
12.39856,576
12.438536,569
12.478512,566
12.518488,483
12.558464,538
12.59844,513
12.638416,539
12.678392,528
12.718368,524
12.758344,562
12.79832,542
12.838296,546
12.878272,563
12.918248,519
12.958224,546
12.9982,500
13.038176,578
13.078152,572
13.118128,555
13.158104,563
13.19808,524
13.238056,529
13.278032,531
13.318008,548
13.357984,568
13.39796,551
13.437936,579
13.477912,547
13.517888,600
13.557864,615
13.59784,592
13.637816,572
13.677792,661
13.717768,640
13.757744,656
13.79772,736
13.837696,747
13.877672,843
13.917648,963
13.957624,946
13.9976,1037
14.037576,1180
14.077552,1390
14.117528,1697
14.157504,2252
14.19748,3302
14.237456,4925
14.277432,7763
14.317408,11072
14.357384,11163
14.39736,7627
14.437336,4511
14.477312,2814
14.517288,1946
14.557264,1479
14.59724,1268
14.637216,1044
14.6771921,943
14.7171681,873
14.7571441,771
14.7971201,713
14.8370961,696
14.8770721,652
14.9170481,664
14.9570241,590
14.9970001,609
15.0369761,587
15.0769521,573
15.1169281,531
15.1569041,542
15.1968801,525
15.2368561,522
15.2768321,535
15.3168081,478
15.3567841,503
15.3967601,500
15.4367361,465
15.4767121,483
15.5166881,451
15.5566641,469
15.5966401,512
15.6366161,451
15.6765921,461
15.7165681,408
15.7565441,445
15.7965201,488
15.8364961,453
15.8764721,429
15.9164481,433
15.9564241,436
15.9964001,426
16.0363761,424
16.0763521,455
16.1163281,436
16.1563041,396
16.1962801,405
16.2362561,436
16.2762321,413
16.3162081,413
16.3561841,410
16.3961601,403
16.4361361,370
16.4761121,417
16.5160881,379
16.5560641,438
16.5960401,430
16.6360161,395
16.6759921,400
16.7159681,376
16.7559441,373
16.7959201,409
16.8358961,364
16.8758721,375
16.9158481,375
16.9558241,404
16.9958001,384
17.0357761,350
17.0757521,385
17.1157281,353
17.1557041,372
17.1956801,418
17.2356561,383
17.2756321,367
17.3156081,350
17.3555841,386
17.3955601,329
17.4355361,380
17.4755121,385
17.5154881,356
17.5554641,363
17.5954401,393
17.6354161,353
17.6753921,375
17.7153681,366
17.7553441,364
17.7953201,334
17.8352961,324
17.8752721,347
17.9152481,365
17.9552241,392
17.9952001,346
18.0351761,319
18.0751521,352
18.1151281,310
18.1551041,316
18.1950801,352
18.2350561,328
18.2750321,316
18.3150081,322
18.3549841,307
18.3949601,346
18.4349361,313
18.4749121,333
18.5148881,336
18.5548641,344
18.5948401,335
18.6348161,356
18.6747921,295
18.7147681,323
18.7547441,340
18.7947201,323
18.8346961,324
18.8746721,300
18.9146481,315
18.9546241,351
18.9946001,322
19.0345761,322
19.0745521,351
19.1145281,341
19.1545041,295
19.1944801,316
19.2344561,310
19.2744321,303
19.3144081,295
19.3543841,313
19.3943601,308
19.4343361,295
19.4743121,315
19.5142881,287
19.5542641,311
19.5942401,310
19.6342161,300
19.6741921,306
19.7141681,331
19.7541441,312
19.7941201,318
19.8340961,306
19.8740721,277
19.9140481,311
19.9540241,302
19.9940001,300
20.0339761,276
20.0739521,293
20.1139281,305
20.1539041,311
20.1938801,302
20.2338561,284
20.2738321,322
20.3138081,280
20.3537841,300
20.3937601,277
20.4337361,310
20.4737121,308
20.5136881,293
20.5536641,283
20.5936401,289
20.6336161,304
20.6735921,293
20.7135681,288
20.7535441,291
20.7935201,283
20.8334961,274
20.8734721,282
20.9134481,272
20.9534241,260
20.9934001,307
21.0333761,273
21.0733521,308
21.1133281,265
21.1533041,267
21.1932801,260
21.2332561,296
21.2732321,277
21.3132081,275
21.3531841,268
21.3931601,269
21.4331361,273
21.4731121,273
21.5130881,267
21.5530641,286
21.5930401,302
21.6330161,297
21.6729921,256
21.7129681,303
21.7529441,280
21.7929201,261
21.8328961,288
21.8728721,243
21.9128481,276
21.9528241,273
21.9928001,274
22.0327761,294
22.0727521,261
22.1127281,270
22.1527041,246
22.1926801,247
22.2326561,274
22.2726321,240
22.3126081,256
22.3525841,219
22.3925601,256
22.4325361,266
22.4725121,247
22.5124881,290
22.5524641,249
22.5924401,259
22.6324161,247
22.6723921,237
22.7123681,270
22.7523441,240
22.7923201,273
22.8322961,274
22.8722721,262
22.9122481,269
22.9522241,250
22.9922001,232
23.0321761,300
23.0721521,275
23.1121281,255
23.1521041,255
23.1920801,255
23.2320561,279
23.2720321,240
23.3120081,242
23.3519841,258
23.3919601,272
23.4319361,250
23.4719121,282
23.5118881,259
23.5518641,224
23.5918401,258
23.6318161,260
23.6717921,221
23.7117681,213
23.7517441,262
23.7917201,226
23.8316961,229
23.8716721,245
23.9116481,240
23.9516241,248
23.9916001,253
24.0315762,230
24.0715522,210
24.1115282,218
24.1515042,245
24.1914802,245
24.2314562,254
24.2714322,243
24.3114082,246
24.3513842,264
24.3913602,234
24.4313362,248
24.4713122,213
24.5112882,220
24.5512642,207
24.5912402,225
24.6312162,243
24.6711922,249
24.7111682,234
24.7511442,224
24.7911202,224
24.8310962,249
24.8710722,216
24.9110482,253
24.9510242,217
24.9910002,187
25.0309762,228
25.0709522,210
25.1109282,232
25.1509042,238
25.1908802,225
25.2308562,208
25.2708322,221
25.3108082,210
25.3507842,244
25.3907602,232
25.4307362,218
25.4707122,239
25.5106882,237
25.5506642,236
25.5906402,231
25.6306162,228
25.6705922,193
25.7105682,218
25.7505442,207
25.7905202,202
25.8304962,204
25.8704722,221
25.9104482,253
25.9504242,214
25.9904002,213
26.0303762,226
26.0703522,252
26.1103282,243
26.1503042,210
26.1902802,208
26.2302562,191
26.2702322,217
26.3102082,226
26.3501842,211
26.3901602,232
26.4301362,213
26.4701122,225
26.5100882,205
26.5500642,211
26.5900402,212
26.6300162,223
26.6699922,188
26.7099682,214
26.7499442,199
26.7899202,220
26.8298962,228
26.8698722,228
26.9098482,210
26.9498242,229
26.9898002,200
27.0297762,203
27.0697522,206
27.1097282,213
27.1497042,201
27.1896802,204
27.2296562,221
27.2696322,196
27.3096082,204
27.3495842,228
27.3895602,206
27.4295362,206
27.4695122,223
27.5094882,193
27.5494642,194
27.5894402,193
27.6294162,186
27.6693922,207
27.7093682,185
27.7493442,227
27.7893202,192
27.8292962,203
27.8692722,212
27.9092482,211
27.9492242,197
27.9892002,207
28.0291762,197
28.0691522,214
28.1091282,201
28.1491042,207
28.1890802,193
28.2290562,185
28.2690322,176
28.3090082,180
28.3489842,200
28.3889602,200
28.4289362,219
28.4689122,215
28.5088882,212
28.5488642,240
28.5888402,207
28.6288162,199
28.6687922,224
28.7087682,199
28.7487442,238
28.7887202,232
28.8286962,264
28.8686722,291
28.9086482,337
28.9486242,402
28.9886002,429
29.0285762,357
29.0685522,310
29.1085282,301
29.1485042,254
29.1884802,207
29.2284562,212
29.2684322,207
29.3084082,192
29.3483842,225
29.3883602,199
29.4283362,206
29.4683122,209
29.5082882,179
29.5482642,214
29.5882402,183
29.6282162,188
29.6681922,201
29.7081682,181
29.7481442,179
29.7881202,165
29.8280962,186
29.8680722,191
29.9080482,180
29.9480242,182
29.9880002,202
30.0279762,209
30.0679522,184
30.1079282,186
30.1479042,172
30.1878802,175
30.2278562,190
30.2678322,177
30.3078082,168
30.3477842,168
30.3877602,184
30.4277362,188
30.4677122,210
30.5076882,209
30.5476642,182
30.5876402,174
30.6276162,183
30.6675922,177
30.7075682,190
30.7475442,187
30.7875202,172
30.8274962,195
30.8674722,177
30.9074482,166
30.9474242,181
30.9874002,190
31.0273762,177
31.0673522,175
31.1073282,182
31.1473042,184
31.1872802,180
31.2272562,174
31.2672322,190
31.3072082,188
31.3471842,199
31.3871602,156
31.4271362,184
31.4671122,191
31.5070882,182
31.5470642,209
31.5870402,202
31.6270162,186
31.6669922,209
31.7069682,186
31.7469442,189
31.7869202,199
31.8268962,221
31.8668722,206
31.9068482,220
31.9468242,220
31.9868002,194
32.0267762,205
32.0667522,203
32.1067282,232
32.1467042,239
32.1866802,223
32.2266562,237
32.2666322,264
32.3066082,244
32.3465842,298
32.3865602,299
32.4265362,386
32.4665122,487
32.5064882,691
32.5464642,1197
32.5864402,2510
32.6264162,4513
32.6663922,3698
32.7063682,2949
32.7463442,2055
32.7863202,939
32.8262962,582
32.8662722,478
32.9062482,389
32.9462242,336
32.9862002,349
33.0261762,288
33.0661522,302
33.1061282,335
33.1461042,331
33.1860802,339
33.2260562,351
33.2660322,402
33.3060082,445
33.3459842,673
33.3859603,976
33.4259363,1750
33.4659123,2050
33.5058883,1612
33.5458643,1294
33.5858403,891
33.6258163,527
33.6657923,419
33.7057683,335
33.7457443,321
33.7857203,293
33.8256963,258
33.8656723,296
33.9056483,260
33.9456243,276
33.9856003,224
34.0255763,218
34.0655523,222
34.1055283,224
34.1455043,213
34.1854803,232
34.2254563,213
34.2654323,228
34.3054083,247
34.3453843,222
34.3853603,227
34.4253363,213
34.4653123,213
34.5052883,201
34.5452643,224
34.5852403,211
34.6252163,237
34.6651923,207
34.7051683,216
34.7451443,209
34.7851203,208
34.8250963,219
34.8650723,209
34.9050483,241
34.9450243,223
34.9850003,220
35.0249763,251
35.0649523,219
35.1049283,232
35.1449043,212
35.1848803,233
35.2248563,248
35.2648323,232
35.3048083,259
35.3447843,276
35.3847603,284
35.4247363,282
35.4647123,326
35.5046883,308
35.5446643,358
35.5846403,381
35.6246163,467
35.6645923,508
35.7045683,674
35.7445443,862
35.7845203,1337
35.8244963,1614
35.8644723,1454
35.9044483,1214
35.9444243,936
35.9844003,663
36.0243763,474
36.0643523,388
36.1043283,350
36.1443043,289
36.1842803,286
36.2242563,275
36.2642323,224
36.3042083,215
36.3441843,219
36.3841603,194
36.4241363,220
36.4641123,200
36.5040883,209
36.5440643,207
36.5840403,205
36.6240163,205
36.6639923,187
36.7039683,185
36.7439443,169
36.7839203,201
36.8238963,180
36.8638723,187
36.9038483,218
36.9438243,211
36.9838003,196
37.0237763,169
37.0637523,157
37.1037283,182
37.1437043,180
37.1836803,193
37.2236563,174
37.2636323,185
37.3036083,171
37.3435843,178
37.3835603,206
37.4235363,192
37.4635123,188
37.5034883,182
37.5434643,204
37.5834403,174
37.6234163,188
37.6633923,201
37.7033683,213
37.7433443,216
37.7833203,187
37.8232963,178
37.8632723,204
37.9032483,205
37.9432243,232
37.9832003,198
38.0231763,243
38.0631523,260
38.1031283,228
38.1431043,263
38.1830803,267
38.2230563,261
38.2630323,254
38.3030083,237
38.3429843,253
38.3829603,268
38.4229363,283
38.4629123,292
38.5028883,288
38.5428643,252
38.5828403,255
38.6228163,343
38.6627923,320
38.7027683,306
38.7427443,316
38.7827203,347
38.8226963,345
38.8626723,387
38.9026483,398
38.9426243,429
38.9826003,450
39.0225763,475
39.0625523,546
39.1025283,607
39.1425043,659
39.1824803,781
39.2224563,951
39.2624323,1165
39.3024083,1502
39.3423843,1918
39.3823603,2728
39.4223363,4095
39.4623123,6195
39.5022883,7715
39.5422643,6686
39.5822403,5775
39.6222163,4609
39.6621923,3091
39.7021683,2166
39.7421443,1543
39.7821203,1197
39.8220963,970
39.8620723,744
39.9020483,703
39.9420243,555
39.9820003,542
40.0219763,513
40.0619523,429
40.1019283,390
40.1419043,376
40.1818803,347
40.2218563,341
40.2618323,343
40.3018083,324
40.3417843,305
40.3817603,322
40.4217363,290
40.4617123,275
40.5016883,323
40.5416643,249
40.5816403,286
40.6216163,284
40.6615923,296
40.7015683,277
40.7415443,227
40.7815203,232
40.8214963,252
40.8614723,228
40.9014483,275
40.9414243,232
40.9814003,230
41.0213763,207
41.0613523,216
41.1013283,202
41.1413043,219
41.1812803,217
41.2212563,201
41.2612323,204
41.3012083,211
41.3411843,196
41.3811603,204
41.4211363,218
41.4611123,198
41.5010883,177
41.5410643,201
41.5810403,199
41.6210163,192
41.6609923,183
41.7009683,220
41.7409443,180
41.7809203,173
41.8208963,211
41.8608723,188
41.9008483,168
41.9408243,178
41.9808003,198
42.0207763,156
42.0607523,170
42.1007283,181
42.1407043,175
42.1806803,170
42.2206563,180
42.2606323,173
42.3006083,189
42.3405843,186
42.3805603,181
42.4205363,181
42.4605123,166
42.5004883,197
42.5404643,181
42.5804403,176
42.6204163,177
42.6603923,177
42.7003684,192
42.7403444,174
42.7803204,164
42.8202964,180
42.8602724,178
42.9002484,161
42.9402244,179
42.9802004,164
43.0201764,159
43.0601524,158
43.1001284,194
43.1401044,189
43.1800804,185
43.2200564,197
43.2600324,205
43.3000084,202
43.3399844,182
43.3799604,172
43.4199364,204
43.4599124,196
43.4998884,177
43.5398644,183
43.5798404,188
43.6198164,188
43.6597924,222
43.6997684,215
43.7397444,194
43.7797204,223
43.8196964,281
43.8596724,286
43.8996484,329
43.9396244,366
43.9796004,487
44.0195764,677
44.0595524,854
44.0995284,958
44.1395044,882
44.1794804,761
44.2194564,779
44.2594324,604
44.2994084,461
44.3393844,349
44.3793604,306
44.4193364,297
44.4593124,253
44.4992884,236
44.5392644,232
44.5792404,221
44.6192164,196
44.6591924,202
44.6991684,204
44.7391444,188
44.7791204,162
44.8190964,203
44.8590724,180
44.8990484,195
44.9390244,185
44.9790004,161
45.0189764,176
45.0589524,171
45.0989284,173
45.1389044,155
45.1788804,180
45.2188564,170
45.2588324,167
45.2988084,146
45.3387844,152
45.3787604,180
45.4187364,175
45.4587124,161
45.4986884,167
45.5386644,146
45.5786404,193
45.6186164,169
45.6585924,152
45.6985684,170
45.7385444,153
45.7785204,150
45.8184964,159
45.8584724,126
45.8984484,139
45.9384244,131
45.9784004,167
46.0183764,173
46.0583524,150
46.0983284,162
46.1383044,166
46.1782804,155
46.2182564,151
46.2582324,142
46.2982084,165
46.3381844,164
46.3781604,147
46.4181364,154
46.4581124,178
46.4980884,167
46.5380644,142
46.5780404,157
46.6180164,157
46.6579924,137
46.6979684,140
46.7379444,157
46.7779204,146
46.8178964,170
46.8578724,142
46.8978484,154
46.9378244,140
46.9778004,156
47.0177764,148
47.0577524,143
47.0977284,154
47.1377044,148
47.1776804,141
47.2176564,184
47.2576324,163
47.2976084,160
47.3375844,153
47.3775604,144
47.4175364,160
47.4575124,172
47.4974884,167
47.5374644,154
47.5774404,169
47.6174164,179
47.6573924,147
47.6973684,141
47.7373444,172
47.7773204,182
47.8172964,178
47.8572724,165
47.8972484,175
47.9372244,196
47.9772004,171
48.0171764,154
48.0571524,208
48.0971284,163
48.1371044,195
48.1770804,201
48.2170564,172
48.2570324,180
48.2970084,201
48.3369844,177
48.3769604,193
48.4169364,186
48.4569124,195
48.4968884,187
48.5368644,205
48.5768404,211
48.6168164,187
48.6567924,220
48.6967684,194
48.7367444,218
48.7767204,211
48.8166964,231
48.8566724,214
48.8966484,219
48.9366244,213
48.9766004,229
49.0165764,259
49.0565524,243
49.0965284,261
49.1365044,323
49.1764804,284
49.2164564,313
49.2564324,376
49.2964084,346
49.3363844,415
49.3763604,472
49.4163364,491
49.4563124,624
49.4962884,698
49.5362644,811
49.5762404,1010
49.6162164,1341
49.6561924,1740
49.6961684,2452
49.7361444,2934
49.7761204,2825
49.8160964,2513
49.8560724,2177
49.8960484,1999
49.9360244,1464
49.9760004,1049
50.0159764,834
50.0559524,687
50.0959284,531
50.1359044,494
50.1758804,392
50.2158564,379
50.2558324,336
50.2958084,290
50.3357844,328
50.3757604,274
50.4157364,250
50.4557124,216
50.4956884,205
50.5356644,229
50.5756404,191
50.6156164,207
50.6555924,191
50.6955684,196
50.7355444,201
50.7755204,193
50.8154964,190
50.8554724,174
50.8954484,185
50.9354244,146
50.9754004,182
51.0153764,148
51.0553524,144
51.0953284,170
51.1353044,163
51.1752804,158
51.2152564,163
51.2552324,165
51.2952084,151
51.3351844,135
51.3751604,157
51.4151364,151
51.4551124,171
51.4950884,140
51.5350644,155
51.5750404,163
51.6150164,149
51.6549924,166
51.6949684,139
51.7349444,155
51.7749204,134
51.8148964,144
51.8548724,135
51.8948484,131
51.9348244,127
51.9748004,152
52.0147764,129
52.0547525,136
52.0947285,125
52.1347045,121
52.1746805,150
52.2146565,149
52.2546325,140
52.2946085,139
52.3345845,136
52.3745605,143
52.4145365,120
52.4545125,163
52.4944885,143
52.5344645,126
52.5744405,127
52.6144165,141
52.6543925,153
52.6943685,117
52.7343445,121
52.7743205,144
52.8142965,151
52.8542725,144
52.8942485,139
52.9342245,134
52.9742005,110
53.0141765,129
53.0541525,135
53.0941285,139
53.1341045,110
53.1740805,132
53.2140565,123
53.2540325,142
53.2940085,137
53.3339845,144
53.3739605,141
53.4139365,140
53.4539125,142
53.4938885,109
53.5338645,129
53.5738405,142
53.6138165,132
53.6537925,123
53.6937685,129
53.7337445,116
53.7737205,119
53.8136965,125
53.8536725,129
53.8936485,107
53.9336245,133
53.9736005,107
54.0135765,86
54.0535525,131
54.0935285,141
54.1335045,132
54.1734805,123
54.2134565,120
54.2534325,120
54.2934085,127
54.3333845,133
54.3733605,154
54.4133365,148
54.4533125,123
54.4932885,140
54.5332645,128
54.5732405,137
54.6132165,133
54.6531925,133
54.6931685,131
54.7331445,138
54.7731205,144
54.8130965,156
54.8530725,138
54.8930485,138
54.9330245,135
54.9730005,137
55.0129765,129
55.0529525,132
55.0929285,123
55.1329045,126
55.1728805,128
55.2128565,109
55.2528325,119
55.2928085,150
55.3327845,142
55.3727605,119
55.4127365,145
55.4527125,170
55.4926885,143
55.5326645,173
55.5726405,159
55.6126165,161
55.6525925,184
55.6925685,214
55.7325445,190
55.7725205,227
55.8124965,295
55.8524725,328
55.8924485,335
55.9324245,395
55.9724005,401
56.0123765,381
56.0523525,361
56.0923285,336
56.1323045,288
56.1722805,250
56.2122565,216
56.2522325,218
56.2922085,194
56.3321845,135
56.3721605,181
56.4121365,171
56.4521125,184
56.4920885,145
56.5320645,162
56.5720405,149
56.6120165,146
56.6519925,165
56.6919685,155
56.7319445,139
56.7719205,153
56.8118965,150
56.8518725,139
56.8918485,122
56.9318245,146
56.9718005,134
57.0117765,149
57.0517525,134
57.0917285,135
57.1317045,151
57.1716805,142
57.2116565,147
57.2516325,152
57.2916085,132
57.3315845,147
57.3715605,133
57.4115365,121
57.4515125,124
57.4914885,149
57.5314645,158
57.5714405,157
57.6114165,152
57.6513925,149
57.6913685,146
57.7313445,173
57.7713205,175
57.8112965,159
57.8512725,182
57.8912485,174
57.9312245,198
57.9712005,212
58.0111765,255
58.0511525,295
58.0911285,361
58.1311045,421
58.1710805,583
58.2110565,1002
58.2510325,1769
58.2910085,2531
58.3309845,1683
58.3709605,1110
58.4109365,1267
58.4509125,1462
58.4908885,877
58.5308645,545
58.5708405,385
58.6108165,283
58.6507925,247
58.6907685,224
58.7307445,196
58.7707205,201
58.8106965,194
58.8506725,162
58.8906485,153
58.9306245,177
58.9706005,163
59.0105765,152
59.0505525,152
59.0905285,153
59.1305045,167
59.1704805,169
59.2104565,184
59.2504325,187
59.2904085,171
59.3303845,170
59.3703605,154
59.4103365,170
59.4503125,159
59.4902885,167
59.5302645,191
59.5702405,161
59.6102165,191
59.6501925,193
59.6901685,215
59.7301445,213
59.7701205,232
59.8100965,263
59.8500725,279
59.8900485,317
59.9300245,396
59.9700005,464
60.0099765,533
60.0499525,690
60.0899285,870
60.1299045,784
60.1698805,688
60.2098565,786
60.2498325,797
60.2898085,944
60.3297845,1150
60.3697605,1461
60.4097365,1229
60.4497125,861
60.4896885,772
60.5296645,913
60.5696405,733
60.6096165,510
60.6495925,354
60.6895685,344
60.7295445,252
60.7695205,235
60.8094965,182
60.8494725,198
60.8894485,167
60.9294245,167
60.9694005,179
61.0093765,158
61.0493525,149
61.0893285,133
61.1293045,138
61.1692805,136
61.2092565,167
61.2492325,137
61.2892085,143
61.3291845,129
61.3691605,140
61.4091366,134
61.4491126,145
61.4890886,134
61.5290646,142
61.5690406,125
61.6090166,124
61.6489926,141
61.6889686,150
61.7289446,142
61.7689206,143
61.8088966,126
61.8488726,140
61.8888486,156
61.9288246,145
61.9688006,123
62.0087766,127
62.0487526,140
62.0887286,125
62.1287046,117
62.1686806,147
62.2086566,156
62.2486326,121
62.2886086,128
62.3285846,155
62.3685606,137
62.4085366,147
62.4485126,132
62.4884886,147
62.5284646,173
62.5684406,208
62.6084166,190
62.6483926,226
62.6883686,244
62.7283446,255
62.7683206,258
62.8082966,235
62.8482726,226
62.8882486,214
62.9282246,202
62.9682006,187
63.0081766,159
63.0481526,164
63.0881286,169
63.1281046,148
63.1680806,136
63.2080566,120
63.2480326,125
63.2880086,124
63.3279846,117
63.3679606,120
63.4079366,125
63.4479126,118
63.4878886,110
63.5278646,106
63.5678406,122
63.6078166,117
63.6477926,117
63.6877686,110
63.7277446,117
63.7677206,133
63.8076966,109
63.8476726,117
63.8876486,124
63.9276246,113
63.9676006,115
64.0075766,120
64.0475526,113
64.0875286,130
64.1275046,112
64.1674806,119
64.2074566,91
64.2474326,108
64.2874086,106
64.3273846,107
64.3673606,97
64.4073366,110
64.4473126,112
64.4872886,113
64.5272646,101
64.5672406,123
64.6072166,112
64.6471926,122
64.6871686,99
64.7271446,115
64.7671206,103
64.8070966,99
64.8470726,124
64.8870486,125
64.9270246,123
64.9670006,121
65.0069766,117
65.0469526,106
65.0869286,115
65.1269046,107
65.1668806,115
65.2068566,107
65.2468326,124
65.2868086,94
65.3267846,118
65.3667606,127
65.4067366,141
65.4467126,98
65.4866886,114
65.5266646,102
65.5666406,111
65.6066166,128
65.6465926,120
65.6865686,112
65.7265446,121
65.7665206,100
65.8064966,131
65.8464726,113
65.8864486,110
65.9264246,115
65.9664006,129
66.0063766,104
66.0463526,110
66.0863286,103
66.1263046,119
66.1662806,114
66.2062566,117
66.2462326,120
66.2862086,155
66.3261846,137
66.3661606,191
66.4061366,193
66.4461126,192
66.4860886,197
66.5260646,166
66.5660406,159
66.6060166,176
66.6459926,148
66.6859686,145
66.7259446,129
66.7659206,121
66.8058966,111
66.8458726,104
66.8858486,125
66.9258246,132
66.9658006,120
67.0057766,86
67.0457526,108
67.0857286,108
67.1257046,107
67.1656806,119
67.2056566,120
67.2456326,113
67.2856086,115
67.3255846,108
67.3655606,102
67.4055366,112
67.4455126,126
67.4854886,137
67.5254646,134
67.5654406,122
67.6054166,127
67.6453926,115
67.6853686,114
67.7253446,128
67.7653206,138
67.8052966,122
67.8452726,112
67.8852486,110
67.9252246,109
67.9652006,117
68.0051766,128
68.0451526,135
68.0851286,114
68.1251046,127
68.1650806,147
68.2050566,147
68.2450326,149
68.2850086,172
68.3249846,189
68.3649606,215
68.4049366,332
68.4449126,409
68.4848886,339
68.5248646,273
68.5648406,223
68.6048166,268
68.6447926,283
68.6847686,251
68.7247446,228
68.7647206,185
68.8046966,205
68.8446726,219
68.8846486,231
68.9246246,322
68.9646006,268
69.0045766,237
69.0445526,238
69.0845286,222
69.1245046,219
69.1644806,211
69.2044566,185
69.2444326,154
69.2844086,159
69.3243846,149
69.3643606,133
69.4043366,137
69.4443126,162
69.4842886,170
69.5242646,174
69.5642406,160
69.6042166,142
69.6441926,159
69.6841686,162
69.7241446,164
69.7641206,179
69.8040966,192
69.8440726,219
69.8840486,225
69.9240246,268
69.9640006,249
70.0039766,296
70.0439526,379
70.0839286,408
70.1239046,407
70.1638806,411
70.2038566,361
70.2438326,363
70.2838086,420
70.3237846,427
70.3637606,446
70.4037366,374
70.4437126,283
70.4836886,285
70.5236646,243
70.5636406,251
70.6036166,244
70.6435926,204
70.6835686,173
70.7235447,147
70.7635207,141
70.8034967,183
70.8434727,123
70.8834487,149
70.9234247,133
70.9634007,118
71.0033767,131
71.0433527,141
71.0833287,139
71.1233047,142
71.1632807,123
71.2032567,117
71.2432327,138
71.2832087,129
71.3231847,143
71.3631607,127
71.4031367,107
71.4431127,124
71.4830887,116
71.5230647,139
71.5630407,122
71.6030167,102
71.6429927,129
71.6829687,139
71.7229447,113
71.7629207,117
71.8028967,123
71.8428727,134
71.8828487,123
71.9228247,131
71.9628007,113
72.0027767,115
72.0427527,146
72.0827287,149
72.1227047,112
72.1626807,162
72.2026567,141
72.2426327,148
72.2826087,142
72.3225847,141
72.3625607,173
72.4025367,155
72.4425127,208
72.4824887,210
72.5224647,267
72.5624407,309
72.6024167,412
72.6423927,558
72.6823687,706
72.7223447,862
72.7623207,928
72.8022967,736
72.8422727,565
72.8822487,545
72.9222247,638
72.9622007,592
73.0021767,501
73.0421527,351
73.0821287,304
73.1221047,240
73.1620807,189
73.2020567,172
73.2420327,207
73.2820087,159
73.3219847,153
73.3619607,166
73.4019367,169
73.4419127,149
73.4818887,136
73.5218647,133
73.5618407,160
73.6018167,126
73.6417927,130
73.6817687,143
73.7217447,117
73.7617207,136
73.8016967,142
73.8416727,125
73.8816487,122
73.9216247,123
73.9616007,120
74.0015767,120
74.0415527,122
74.0815287,108
74.1215047,130
74.1614807,127
74.2014567,127
74.2414327,115
74.2814087,137
74.3213847,113
74.3613607,136
74.4013367,118
74.4413127,126
74.4812887,125
74.5212647,125
74.5612407,137
74.6012167,124
74.6411927,120
74.6811687,121
74.7211447,117
74.7611207,109
74.8010967,116
74.8410727,130
74.8810487,118
74.9210247,131
74.9610007,108
75.0009767,134
75.0409527,124
75.0809287,120
75.1209047,123
75.1608807,126
75.2008567,140
75.2408327,138
75.2808087,130
75.3207847,139
75.3607607,139
75.4007367,145
75.4407127,140
75.4806887,150
75.5206647,185
75.5606407,189
75.6006167,176
75.6405927,172
75.6805687,210
75.7205447,265
75.7605207,275
75.8004967,304
75.8404727,418
75.8804487,482
75.9204247,552
75.9604007,505
76.0003767,461
76.0403527,419
76.0803287,393
76.1203047,407
76.1602807,405
76.2002567,330
76.2402327,259
76.2802087,214
76.3201847,196
76.3601607,201
76.4001367,182
76.4401127,167
76.4800887,166
76.5200647,156
76.5600407,149
76.6000167,127
76.6399927,147
76.6799687,140
76.7199447,143
76.7599207,117
76.7998967,146
76.8398727,117
76.8798487,135
76.9198247,128
76.9598007,136
76.9997767,134
77.0397527,133
77.0797287,128
77.1197047,136
77.1596807,129
77.1996567,143
77.2396327,148
77.2796087,149
77.3195847,133
77.3595607,158
77.3995367,171
77.4395127,178
77.4794887,184
77.5194647,185
77.5594407,204
77.5994167,174
77.6393927,178
77.6793687,167
77.7193447,157
77.7593207,174
77.7992967,186
77.8392727,163
77.8792487,179
77.9192247,194
77.9592007,192
77.9991767,221
78.0391527,253
78.0791287,222
78.1191047,182
78.1590807,185
78.1990567,178
78.2390327,179
78.2790087,173
78.3189847,191
78.3589607,149
78.3989367,175
78.4389127,143
78.4788887,148
78.5188647,128
78.5588407,123
78.5988167,120
78.6387927,139
78.6787687,156
78.7187447,126
78.7587207,142
78.7986967,123
78.8386727,116
78.8786487,134
78.9186247,118
78.9586007,135
78.9985767,118
79.0385527,116
79.0785287,139
79.1185047,127
79.1584807,138
79.1984567,121
79.2384327,117
79.2784087,125
79.3183847,107
79.3583607,133
79.3983367,122
79.4383127,136
79.4782887,134
79.5182647,148
79.5582407,149
79.5982167,153
79.6381927,151
79.6781687,186
79.7181447,146
79.7581207,178
79.7980967,173
79.8380727,204
79.8780487,223
79.9180247,230
79.9580007,251
79.9979767,273
80.0379527,355
80.0779288,472
80.1179048,559
80.1578808,591
80.1978568,527
80.2378328,434
80.2778088,378
80.3177848,386
80.3577608,393
80.3977368,380
80.4377128,305
80.4776888,273
80.5176648,218
80.5576408,202
80.5976168,183
80.6375928,184
80.6775688,160
80.7175448,146
80.7575208,173
80.7974968,147
80.8374728,134
80.8774488,126
80.9174248,105
80.9574008,118
80.9973768,130
81.0373528,134
81.0773288,142
81.1173048,120
81.1572808,128
81.1972568,115
81.2372328,117
81.2772088,118
81.3171848,112
81.3571608,106
81.3971368,121
81.4371128,119
81.4770888,116
81.5170648,93
81.5570408,104
81.5970168,118
81.6369928,97
81.6769688,110
81.7169448,112
81.7569208,109
81.7968968,110
81.8368728,122
81.8768488,110
81.9168248,117
81.9568008,108
81.9967768,131
82.0367528,89
82.0767288,89
82.1167048,128
82.1566808,100
82.1966568,97
82.2366328,88
82.2766088,114
82.3165848,104
82.3565608,104
82.3965368,105
82.4365128,85
82.4764888,117
82.5164648,93
82.5564408,104
82.5964168,92
82.6363928,102
82.6763688,113
82.7163448,97
82.7563208,94
82.7962968,110
82.8362728,82
82.8762488,103
82.9162248,112
82.9562008,112
82.9961768,95
83.0361528,97
83.0761288,103
83.1161048,99
83.1560808,105
83.1960568,107
83.2360328,107
83.2760088,123
83.3159848,109
83.3559608,115
83.3959368,120
83.4359128,98
83.4758888,85
83.5158648,95
83.5558408,94
83.5958168,121
83.6357928,94
83.6757688,117
83.7157448,105
83.7557208,84
83.7956968,102
83.8356728,103
83.8756488,113
83.9156248,96
83.9556008,106
83.9955768,112
84.0355528,113
84.0755288,102
84.1155048,101
84.1554808,108
84.1954568,115
84.2354328,128
84.2754088,97
84.3153848,117
84.3553608,92
84.3953368,108
84.4353128,107
84.4752888,119
84.5152648,114
84.5552408,112
84.5952168,121
84.6351928,129
84.6751688,120
84.7151448,128
84.7551208,122
84.7950968,102
84.8350728,102
84.8750488,119
84.9150248,142
84.9550008,121
84.9949768,130
85.0349528,147
85.0749288,157
85.1149048,154
85.1548808,152
85.1948568,164
85.2348328,141
85.2748088,166
85.3147848,151
85.3547608,159
85.3947368,140
85.4347128,152
85.4746888,144
85.5146648,115
85.5546408,138
85.5946168,145
85.6345928,131
85.6745688,112
85.7145448,114
85.7545208,132
85.7944968,117
85.8344728,130
85.8744488,106
85.9144248,110
85.9544008,100
85.9943768,95
86.0343528,107
86.0743288,107
86.1143048,112
86.1542808,116
86.1942568,113
86.2342328,106
86.2742088,122
86.3141848,117
86.3541608,134
86.3941368,123
86.4341128,136
86.4740888,122
86.5140648,124
86.5540408,133
86.5940168,120
86.6339928,157
86.6739688,171
86.7139448,184
86.7539208,137
86.7938968,155
86.8338728,151
86.8738488,159
86.9138248,159
86.9538008,138
86.9937768,125
87.0337528,143
87.0737288,129
87.1137048,139
87.1536808,111
87.1936568,118
87.2336328,128
87.2736088,142
87.3135848,123
87.3535608,129
87.3935368,117
87.4335128,129
87.4734888,119
87.5134648,130
87.5534408,129
87.5934168,119
87.6333928,124
87.6733688,125
87.7133448,130
87.7533208,129
87.7932968,125
87.8332728,151
87.8732488,137
87.9132248,121
87.9532008,153
87.9931768,163
88.0331528,136
88.0731288,146
88.1131048,197
88.1530808,158
88.1930568,186
88.2330328,186
88.2730088,217
88.3129848,228
88.3529608,240
88.3929368,262
88.4329128,307
88.4728888,376
88.5128648,411
88.5528408,513
88.5928168,578
88.6327928,634
88.6727688,701
88.7127448,605
88.7527208,522
88.7926968,492
88.8326728,533
88.8726488,500
88.9126248,554
88.9526008,440
88.9925768,397
89.0325528,346
89.0725288,294
89.1125048,257
89.1524808,204
89.1924568,203
89.2324328,183
89.2724088,190
89.3123848,170
89.3523608,181
89.3923369,150
89.4323129,149
89.4722889,129
89.5122649,128
89.5522409,139
89.5922169,135
89.6321929,146
89.6721689,127
89.7121449,128
89.7521209,135
89.7920969,118
89.8320729,120
89.8720489,153
89.9120249,124
89.9520009,121
89.9919769,162
90.0319529,126
