'y-axis saved as y
'x,MoS2_sodio.raw
10,1317
10.039976,1288
10.079952,1307
10.119928,1313
10.159904,1312
10.19988,1215
10.239856,1229
10.279832,1285
10.319808,1212
10.359784,1279
10.39976,1242
10.439736,1122
10.479712,1129
10.519688,1122
10.559664,1168
10.59964,1106
10.639616,1179
10.679592,1136
10.719568,1118
10.759544,1238
10.79952,1120
10.839496,1137
10.879472,1136
10.919448,1084
10.959424,1064
10.9994,1069
11.039376,1034
11.079352,998
11.119328,1028
11.159304,1027
11.19928,1047
11.239256,936
11.279232,1054
11.319208,969
11.359184,1006
11.39916,988
11.439136,912
11.479112,944
11.519088,954
11.559064,932
11.59904,918
11.639016,959
11.678992,1012
11.718968,858
11.758944,898
11.79892,885
11.838896,898
11.878872,885
11.918848,858
11.958824,834
11.9988,870
12.038776,824
12.078752,869
12.118728,836
12.158704,852
12.19868,827
12.238656,774
12.278632,816
12.318608,794
12.358584,780
12.39856,778
12.438536,767
12.478512,761
12.518488,734
12.558464,776
12.59844,783
12.638416,709
12.678392,712
12.718368,758
12.758344,703
12.79832,714
12.838296,666
12.878272,740
12.918248,737
12.958224,698
12.9982,673
13.038176,714
13.078152,660
13.118128,631
13.158104,661
13.19808,670
13.238056,662
13.278032,684
13.318008,670
13.357984,722
13.39796,644
13.437936,630
13.477912,702
13.517888,648
13.557864,634
13.59784,645
13.637816,588
13.677792,588
13.717768,597
13.757744,614
13.79772,620
13.837696,661
13.877672,592
13.917648,578
13.957624,656
13.9976,606
14.037576,613
14.077552,632
14.117528,602
14.157504,621
14.19748,551
14.237456,592
14.277432,650
14.317408,591
14.357384,580
14.39736,600
14.437336,567
14.477312,615
14.517288,600
14.557264,564
14.59724,541
14.637216,561
14.6771921,574
14.7171681,607
14.7571441,587
14.7971201,556
14.8370961,562
14.8770721,534
14.9170481,578
14.9570241,572
14.9970001,576
15.0369761,579
15.0769521,561
15.1169281,600
15.1569041,538
15.1968801,546
15.2368561,523
15.2768321,564
15.3168081,566
15.3567841,512
15.3967601,497
15.4367361,528
15.4767121,567
15.5166881,575
15.5566641,526
15.5966401,568
15.6366161,552
15.6765921,522
15.7165681,531
15.7565441,533
15.7965201,536
15.8364961,553
15.8764721,521
15.9164481,571
15.9564241,557
15.9964001,547
16.0363761,537
16.0763521,536
16.1163281,523
16.1563041,512
16.1962801,534
16.2362561,509
16.2762321,537
16.3162081,523
16.3561841,497
16.3961601,512
16.4361361,527
16.4761121,553
16.5160881,488
16.5560641,519
16.5960401,510
16.6360161,528
16.6759921,520
16.7159681,491
16.7559441,466
16.7959201,491
16.8358961,482
16.8758721,512
16.9158481,462
16.9558241,476
16.9958001,475
17.0357761,461
17.0757521,480
17.1157281,464
17.1557041,471
17.1956801,478
17.2356561,503
17.2756321,439
17.3156081,463
17.3555841,474
17.3955601,476
17.4355361,489
17.4755121,493
17.5154881,468
17.5554641,450
17.5954401,471
17.6354161,470
17.6753921,465
17.7153681,429
17.7553441,424
17.7953201,450
17.8352961,458
17.8752721,469
17.9152481,404
17.9552241,426
17.9952001,440
18.0351761,411
18.0751521,493
18.1151281,440
18.1551041,460
18.1950801,419
18.2350561,466
18.2750321,455
18.3150081,414
18.3549841,409
18.3949601,439
18.4349361,417
18.4749121,419
18.5148881,419
18.5548641,412
18.5948401,396
18.6348161,404
18.6747921,441
18.7147681,416
18.7547441,380
18.7947201,390
18.8346961,430
18.8746721,390
18.9146481,369
18.9546241,387
18.9946001,388
19.0345761,380
19.0745521,414
19.1145281,401
19.1545041,374
19.1944801,393
19.2344561,359
19.2744321,396
19.3144081,391
19.3543841,432
19.3943601,403
19.4343361,374
19.4743121,361
19.5142881,386
19.5542641,393
19.5942401,386
19.6342161,350
19.6741921,395
19.7141681,391
19.7541441,395
19.7941201,345
19.8340961,358
19.8740721,383
19.9140481,375
19.9540241,347
19.9940001,356
20.0339761,337
20.0739521,354
20.1139281,336
20.1539041,365
20.1938801,341
20.2338561,384
20.2738321,351
20.3138081,344
20.3537841,341
20.3937601,332
20.4337361,337
20.4737121,365
20.5136881,371
20.5536641,328
20.5936401,390
20.6336161,329
20.6735921,367
20.7135681,300
20.7535441,350
20.7935201,357
20.8334961,353
20.8734721,322
20.9134481,346
20.9534241,332
20.9934001,337
21.0333761,326
21.0733521,317
21.1133281,348
21.1533041,314
21.1932801,348
21.2332561,318
21.2732321,317
21.3132081,312
21.3531841,315
21.3931601,311
21.4331361,350
21.4731121,305
21.5130881,309
21.5530641,315
21.5930401,338
21.6330161,335
21.6729921,324
21.7129681,316
21.7529441,311
21.7929201,307
21.8328961,314
21.8728721,321
21.9128481,288
21.9528241,320
21.9928001,303
22.0327761,296
22.0727521,339
22.1127281,312
22.1527041,316
22.1926801,332
22.2326561,310
22.2726321,294
22.3126081,291
22.3525841,329
22.3925601,298
22.4325361,327
22.4725121,305
22.5124881,315
22.5524641,300
22.5924401,321
22.6324161,314
22.6723921,269
22.7123681,303
22.7523441,296
22.7923201,295
22.8322961,296
22.8722721,276
22.9122481,297
22.9522241,299
22.9922001,313
23.0321761,287
23.0721521,305
23.1121281,317
23.1521041,319
23.1920801,300
23.2320561,290
23.2720321,304
23.3120081,308
23.3519841,251
23.3919601,304
23.4319361,281
23.4719121,325
23.5118881,331
23.5518641,316
23.5918401,288
23.6318161,288
23.6717921,277
23.7117681,283
23.7517441,287
23.7917201,294
23.8316961,286
23.8716721,294
23.9116481,279
23.9516241,284
23.9916001,310
24.0315762,291
24.0715522,277
24.1115282,285
24.1515042,303
24.1914802,292
24.2314562,305
24.2714322,286
24.3114082,288
24.3513842,303
24.3913602,263
24.4313362,288
24.4713122,267
24.5112882,282
24.5512642,289
24.5912402,282
24.6312162,281
24.6711922,279
24.7111682,285
24.7511442,294
24.7911202,302
24.8310962,295
24.8710722,288
24.9110482,294
24.9510242,296
24.9910002,315
25.0309762,313
25.0709522,278
25.1109282,296
25.1509042,266
25.1908802,249
25.2308562,283
25.2708322,290
25.3108082,299
25.3507842,271
25.3907602,250
25.4307362,273
25.4707122,280
25.5106882,270
25.5506642,278
25.5906402,263
25.6306162,292
25.6705922,293
25.7105682,276
25.7505442,261
25.7905202,254
25.8304962,283
25.8704722,259
25.9104482,260
25.9504242,234
25.9904002,277
26.0303762,280
26.0703522,242
26.1103282,277
26.1503042,237
26.1902802,243
26.2302562,261
26.2702322,229
26.3102082,236
26.3501842,265
26.3901602,271
26.4301362,283
26.4701122,242
26.5100882,275
26.5500642,252
26.5900402,262
26.6300162,257
26.6699922,292
26.7099682,260
26.7499442,266
26.7899202,255
26.8298962,283
26.8698722,263
26.9098482,255
26.9498242,297
26.9898002,266
27.0297762,285
27.0697522,284
27.1097282,280
27.1497042,247
27.1896802,256
27.2296562,280
27.2696322,246
27.3096082,280
27.3495842,247
27.3895602,264
27.4295362,259
27.4695122,271
27.5094882,223
27.5494642,266
27.5894402,256
27.6294162,267
27.6693922,307
27.7093682,278
27.7493442,259
27.7893202,240
27.8292962,251
27.8692722,239
27.9092482,271
27.9492242,255
27.9892002,242
28.0291762,272
28.0691522,240
28.1091282,240
28.1491042,256
28.1890802,248
28.2290562,279
28.2690322,243
28.3090082,252
28.3489842,216
28.3889602,247
28.4289362,245
28.4689122,265
28.5088882,252
28.5488642,269
28.5888402,280
28.6288162,291
28.6687922,267
28.7087682,255
28.7487442,267
28.7887202,276
28.8286962,291
28.8686722,279
28.9086482,280
28.9486242,259
28.9886002,245
29.0285762,240
29.0685522,243
29.1085282,255
29.1485042,283
29.1884802,299
29.2284562,262
29.2684322,257
29.3084082,257
29.3483842,273
29.3883602,254
29.4283362,250
29.4683122,258
29.5082882,244
29.5482642,264
29.5882402,277
29.6282162,260
29.6681922,265
29.7081682,268
29.7481442,277
29.7881202,284
29.8280962,274
29.8680722,239
29.9080482,275
29.9480242,285
29.9880002,260
30.0279762,251
30.0679522,236
30.1079282,293
30.1479042,292
30.1878802,294
30.2278562,277
30.2678322,273
30.3078082,266
30.3477842,275
30.3877602,289
30.4277362,274
30.4677122,255
30.5076882,259
30.5476642,264
30.5876402,255
30.6276162,291
30.6675922,295
30.7075682,293
30.7475442,281
30.7875202,283
30.8274962,285
30.8674722,294
30.9074482,319
30.9474242,301
30.9874002,330
31.0273762,300
31.0673522,320
31.1073282,286
31.1473042,299
31.1872802,302
31.2272562,327
31.2672322,343
31.3072082,357
31.3471842,386
31.3871602,316
31.4271362,338
31.4671122,367
31.5070882,318
31.5470642,355
31.5870402,324
31.6270162,335
31.6669922,362
31.7069682,360
31.7469442,396
31.7869202,368
31.8268962,373
31.8668722,388
31.9068482,403
31.9468242,413
31.9868002,396
32.0267762,418
32.0667522,425
32.1067282,423
32.1467042,437
32.1866802,410
32.2266562,422
32.2666322,416
32.3066082,441
32.3465842,421
32.3865602,430
32.4265362,417
32.4665122,472
32.5064882,433
32.5464642,434
32.5864402,443
32.6264162,438
32.6663922,473
32.7063682,438
32.7463442,446
32.7863202,447
32.8262962,469
32.8662722,460
32.9062482,474
32.9462242,471
32.9862002,431
33.0261762,464
33.0661522,440
33.1061282,455
33.1461042,446
33.1860802,470
33.2260562,505
33.2660322,458
33.3060082,469
33.3459842,485
33.3859603,477
33.4259363,455
33.4659123,452
33.5058883,435
33.5458643,491
33.5858403,472
33.6258163,463
33.6657923,463
33.7057683,476
33.7457443,471
33.7857203,448
33.8256963,511
33.8656723,446
33.9056483,463
33.9456243,502
33.9856003,470
34.0255763,482
34.0655523,467
34.1055283,489
34.1455043,452
34.1854803,491
34.2254563,464
34.2654323,483
34.3054083,479
34.3453843,487
34.3853603,472
34.4253363,459
34.4653123,494
34.5052883,478
34.5452643,475
34.5852403,422
34.6252163,472
34.6651923,479
34.7051683,477
34.7451443,446
34.7851203,494
34.8250963,454
34.8650723,495
34.9050483,483
34.9450243,442
34.9850003,445
35.0249763,455
35.0649523,512
35.1049283,447
35.1449043,452
35.1848803,512
35.2248563,439
35.2648323,499
35.3048083,499
35.3447843,436
35.3847603,437
35.4247363,443
35.4647123,468
35.5046883,419
35.5446643,483
35.5846403,438
35.6246163,450
35.6645923,446
35.7045683,473
35.7445443,473
35.7845203,442
35.8244963,440
35.8644723,493
35.9044483,481
35.9444243,475
35.9844003,483
36.0243763,423
36.0643523,419
36.1043283,462
36.1443043,433
36.1842803,460
36.2242563,426
36.2642323,418
36.3042083,485
36.3441843,451
36.3841603,449
36.4241363,423
36.4641123,441
36.5040883,421
36.5440643,440
36.5840403,402
36.6240163,437
36.6639923,447
36.7039683,419
36.7439443,448
36.7839203,445
36.8238963,419
36.8638723,419
36.9038483,428
36.9438243,416
36.9838003,388
37.0237763,413
37.0637523,392
37.1037283,409
37.1437043,388
37.1836803,418
37.2236563,460
37.2636323,440
37.3036083,450
37.3435843,373
37.3835603,422
37.4235363,405
37.4635123,390
37.5034883,414
37.5434643,398
37.5834403,413
37.6234163,404
37.6633923,393
37.7033683,421
37.7433443,383
37.7833203,426
37.8232963,442
37.8632723,410
37.9032483,425
37.9432243,394
37.9832003,411
38.0231763,404
38.0631523,406
38.1031283,418
38.1431043,406
38.1830803,369
38.2230563,376
38.2630323,418
38.3030083,438
38.3429843,377
38.3829603,390
38.4229363,411
38.4629123,387
38.5028883,426
38.5428643,388
38.5828403,395
38.6228163,403
38.6627923,397
38.7027683,441
38.7427443,375
38.7827203,392
38.8226963,383
38.8626723,395
38.9026483,383
38.9426243,410
38.9826003,400
39.0225763,411
39.0625523,403
39.1025283,369
39.1425043,400
39.1824803,407
39.2224563,379
39.2624323,348
39.3024083,406
39.3423843,374
39.3823603,365
39.4223363,391
39.4623123,372
39.5022883,367
39.5422643,375
39.5822403,406
39.6222163,400
39.6621923,386
39.7021683,380
39.7421443,372
39.7821203,358
39.8220963,337
39.8620723,358
39.9020483,367
39.9420243,369
39.9820003,361
40.0219763,395
40.0619523,384
40.1019283,361
40.1419043,391
40.1818803,341
40.2218563,379
40.2618323,365
40.3018083,366
40.3417843,366
40.3817603,372
40.4217363,366
40.4617123,357
40.5016883,396
40.5416643,345
40.5816403,357
40.6216163,382
40.6615923,380
40.7015683,378
40.7415443,323
40.7815203,355
40.8214963,391
40.8614723,367
40.9014483,360
40.9414243,325
40.9814003,372
41.0213763,390
41.0613523,344
41.1013283,315
41.1413043,335
41.1812803,370
41.2212563,362
41.2612323,329
41.3012083,380
41.3411843,346
41.3811603,360
41.4211363,336
41.4611123,361
41.5010883,375
41.5410643,345
41.5810403,358
41.6210163,330
41.6609923,338
41.7009683,347
41.7409443,350
41.7809203,368
41.8208963,368
41.8608723,368
41.9008483,345
41.9408243,377
41.9808003,358
42.0207763,364
42.0607523,351
42.1007283,356
42.1407043,362
42.1806803,346
42.2206563,329
42.2606323,330
42.3006083,354
42.3405843,328
42.3805603,324
42.4205363,368
42.4605123,336
42.5004883,326
42.5404643,359
42.5804403,348
42.6204163,387
42.6603923,372
42.7003684,367
42.7403444,361
42.7803204,342
42.8202964,336
42.8602724,340
42.9002484,363
42.9402244,358
42.9802004,352
43.0201764,391
43.0601524,368
43.1001284,333
43.1401044,341
43.1800804,341
43.2200564,360
43.2600324,347
43.3000084,372
43.3399844,308
43.3799604,363
43.4199364,327
43.4599124,366
43.4998884,336
43.5398644,375
43.5798404,365
43.6198164,347
43.6597924,341
43.6997684,342
43.7397444,349
43.7797204,338
43.8196964,330
43.8596724,348
43.8996484,350
43.9396244,341
43.9796004,335
44.0195764,315
44.0595524,331
44.0995284,315
44.1395044,348
44.1794804,338
44.2194564,365
44.2594324,339
44.2994084,340
44.3393844,330
44.3793604,322
44.4193364,315
44.4593124,332
44.4992884,350
44.5392644,353
44.5792404,339
44.6192164,327
44.6591924,325
44.6991684,333
44.7391444,354
44.7791204,348
44.8190964,310
44.8590724,308
44.8990484,316
44.9390244,337
44.9790004,311
45.0189764,349
45.0589524,341
45.0989284,323
45.1389044,317
45.1788804,310
45.2188564,319
45.2588324,292
45.2988084,315
45.3387844,327
45.3787604,317
45.4187364,317
45.4587124,322
45.4986884,311
45.5386644,309
45.5786404,323
45.6186164,331
45.6585924,332
45.6985684,294
45.7385444,329
45.7785204,303
45.8184964,307
45.8584724,313
45.8984484,303
45.9384244,327
45.9784004,323
46.0183764,304
46.0583524,305
46.0983284,320
46.1383044,315
46.1782804,351
46.2182564,305
46.2582324,312
46.2982084,308
46.3381844,322
46.3781604,290
46.4181364,313
46.4581124,307
46.4980884,310
46.5380644,283
46.5780404,297
46.6180164,297
46.6579924,297
46.6979684,295
46.7379444,316
46.7779204,351
46.8178964,320
46.8578724,308
46.8978484,342
46.9378244,303
46.9778004,279
47.0177764,302
47.0577524,322
47.0977284,319
47.1377044,303
47.1776804,304
47.2176564,319
47.2576324,305
47.2976084,295
47.3375844,285
47.3775604,305
47.4175364,316
47.4575124,293
47.4974884,295
47.5374644,349
47.5774404,256
47.6174164,329
47.6573924,311
47.6973684,306
47.7373444,275
47.7773204,296
47.8172964,318
47.8572724,288
47.8972484,294
47.9372244,312
47.9772004,282
48.0171764,315
48.0571524,301
48.0971284,281
48.1371044,266
48.1770804,283
48.2170564,281
48.2570324,271
48.2970084,292
48.3369844,280
48.3769604,255
48.4169364,291
48.4569124,325
48.4968884,293
48.5368644,268
48.5768404,282
48.6168164,300
48.6567924,288
48.6967684,297
48.7367444,306
48.7767204,266
48.8166964,276
48.8566724,296
48.8966484,265
48.9366244,296
48.9766004,285
49.0165764,308
49.0565524,276
49.0965284,280
49.1365044,272
49.1764804,284
49.2164564,287
49.2564324,268
49.2964084,292
49.3363844,280
49.3763604,289
49.4163364,260
49.4563124,288
49.4962884,295
49.5362644,309
49.5762404,287
49.6162164,259
49.6561924,265
49.6961684,254
49.7361444,268
49.7761204,233
49.8160964,246
49.8560724,301
49.8960484,296
49.9360244,254
49.9760004,274
50.0159764,258
50.0559524,261
50.0959284,277
50.1359044,242
50.1758804,277
50.2158564,309
50.2558324,299
50.2958084,255
50.3357844,271
50.3757604,254
50.4157364,247
50.4557124,265
50.4956884,262
50.5356644,268
50.5756404,256
50.6156164,253
50.6555924,255
50.6955684,277
50.7355444,273
50.7755204,263
50.8154964,263
50.8554724,290
50.8954484,265
50.9354244,261
50.9754004,246
51.0153764,257
51.0553524,237
51.0953284,256
51.1353044,244
51.1752804,266
51.2152564,240
51.2552324,248
51.2952084,227
51.3351844,261
51.3751604,237
51.4151364,268
51.4551124,274
51.4950884,227
51.5350644,242
51.5750404,251
51.6150164,235
51.6549924,223
51.6949684,234
51.7349444,239
51.7749204,254
51.8148964,257
51.8548724,257
51.8948484,253
51.9348244,258
51.9748004,230
52.0147764,228
52.0547525,244
52.0947285,222
52.1347045,272
52.1746805,246
52.2146565,240
52.2546325,244
52.2946085,217
52.3345845,272
52.3745605,228
52.4145365,236
52.4545125,220
52.4944885,212
52.5344645,236
52.5744405,232
52.6144165,244
52.6543925,234
52.6943685,235
52.7343445,222
52.7743205,241
52.8142965,239
52.8542725,264
52.8942485,245
52.9342245,231
52.9742005,249
53.0141765,241
53.0541525,257
53.0941285,211
53.1341045,230
53.1740805,239
53.2140565,246
53.2540325,223
53.2940085,246
53.3339845,229
53.3739605,236
53.4139365,217
53.4539125,252
53.4938885,231
53.5338645,257
53.5738405,233
53.6138165,214
53.6537925,229
53.6937685,214
53.7337445,213
53.7737205,220
53.8136965,243
53.8536725,211
53.8936485,223
53.9336245,228
53.9736005,235
54.0135765,210
54.0535525,237
54.0935285,217
54.1335045,209
54.1734805,235
54.2134565,244
54.2534325,210
54.2934085,228
54.3333845,234
54.3733605,221
54.4133365,238
54.4533125,250
54.4932885,207
54.5332645,215
54.5732405,239
54.6132165,217
54.6531925,221
54.6931685,241
54.7331445,239
54.7731205,243
54.8130965,236
54.8530725,229
54.8930485,227
54.9330245,233
54.9730005,223
55.0129765,212
55.0529525,227
55.0929285,242
55.1329045,224
55.1728805,221
55.2128565,242
55.2528325,229
55.2928085,211
55.3327845,238
55.3727605,233
55.4127365,244
55.4527125,240
55.4926885,244
55.5326645,251
55.5726405,240
55.6126165,247
55.6525925,241
55.6925685,262
55.7325445,257
55.7725205,254
55.8124965,244
55.8524725,253
55.8924485,279
55.9324245,274
55.9724005,263
56.0123765,241
56.0523525,275
56.0923285,260
56.1323045,234
56.1722805,252
56.2122565,240
56.2522325,258
56.2922085,250
56.3321845,260
56.3721605,261
56.4121365,260
56.4521125,250
56.4920885,283
56.5320645,261
56.5720405,277
56.6120165,242
56.6519925,256
56.6919685,263
56.7319445,273
56.7719205,285
56.8118965,259
56.8518725,294
56.8918485,273
56.9318245,272
56.9718005,261
57.0117765,280
57.0517525,266
57.0917285,251
57.1317045,280
57.1716805,282
57.2116565,259
57.2516325,266
57.2916085,274
57.3315845,285
57.3715605,279
57.4115365,298
57.4515125,279
57.4914885,290
57.5314645,259
57.5714405,275
57.6114165,276
57.6513925,281
57.6913685,262
57.7313445,267
57.7713205,291
57.8112965,255
57.8512725,265
57.8912485,239
57.9312245,248
57.9712005,239
58.0111765,240
58.0511525,259
58.0911285,271
58.1311045,287
58.1710805,242
58.2110565,257
58.2510325,223
58.2910085,251
58.3309845,256
58.3709605,236
58.4109365,230
58.4509125,224
58.4908885,265
58.5308645,264
58.5708405,229
58.6108165,263
58.6507925,229
58.6907685,226
58.7307445,249
58.7707205,246
58.8106965,239
58.8506725,233
58.8906485,232
58.9306245,202
58.9706005,263
59.0105765,232
59.0505525,228
59.0905285,213
59.1305045,220
59.1704805,194
59.2104565,216
59.2504325,206
59.2904085,211
59.3303845,209
59.3703605,213
59.4103365,217
59.4503125,195
59.4902885,211
59.5302645,193
59.5702405,193
59.6102165,203
59.6501925,213
59.6901685,194
59.7301445,201
59.7701205,220
59.8100965,196
59.8500725,214
59.8900485,186
59.9300245,195
59.9700005,195
60.0099765,194
60.0499525,187
60.0899285,205
60.1299045,184
60.1698805,205
60.2098565,185
60.2498325,188
60.2898085,213
60.3297845,191
60.3697605,185
60.4097365,183
60.4497125,186
60.4896885,187
60.5296645,221
60.5696405,184
60.6096165,190
60.6495925,199
60.6895685,168
60.7295445,198
60.7695205,183
60.8094965,186
60.8494725,163
60.8894485,184
60.9294245,196
60.9694005,186
61.0093765,188
61.0493525,184
61.0893285,184
61.1293045,172
61.1692805,186
61.2092565,176
61.2492325,191
61.2892085,198
61.3291845,176
61.3691605,159
61.4091366,164
61.4491126,202
61.4890886,150
61.5290646,159
61.5690406,177
61.6090166,167
61.6489926,165
61.6889686,176
61.7289446,155
61.7689206,173
61.8088966,186
61.8488726,167
61.8888486,193
61.9288246,155
61.9688006,148
62.0087766,156
62.0487526,160
62.0887286,161
62.1287046,183
62.1686806,143
62.2086566,182
62.2486326,177
62.2886086,190
62.3285846,159
62.3685606,173
62.4085366,165
62.4485126,129
62.4884886,169
62.5284646,165
62.5684406,183
62.6084166,174
62.6483926,168
62.6883686,151
62.7283446,164
62.7683206,160
62.8082966,133
62.8482726,172
62.8882486,147
62.9282246,153
62.9682006,155
63.0081766,166
63.0481526,183
63.0881286,185
63.1281046,159
63.1680806,146
63.2080566,166
63.2480326,155
63.2880086,184
63.3279846,159
63.3679606,146
63.4079366,155
63.4479126,146
63.4878886,151
63.5278646,176
63.5678406,135
63.6078166,166
63.6477926,152
63.6877686,145
63.7277446,173
63.7677206,153
63.8076966,169
63.8476726,135
63.8876486,133
63.9276246,185
63.9676006,148
64.0075766,181
64.0475526,156
64.0875286,155
64.1275046,148
64.1674806,155
64.2074566,157
64.2474326,142
64.2874086,172
64.3273846,154
64.3673606,159
64.4073366,151
64.4473126,174
64.4872886,150
64.5272646,155
64.5672406,139
64.6072166,130
64.6471926,159
64.6871686,151
64.7271446,161
64.7671206,131
64.8070966,156
64.8470726,163
64.8870486,141
64.9270246,166
64.9670006,156
65.0069766,165
65.0469526,165
65.0869286,169
65.1269046,144
65.1668806,159
65.2068566,181
65.2468326,137
65.2868086,149
65.3267846,162
65.3667606,164
65.4067366,158
65.4467126,142
65.4866886,157
65.5266646,124
65.5666406,140
65.6066166,153
65.6465926,157
65.6865686,147
65.7265446,152
65.7665206,167
65.8064966,137
65.8464726,144
65.8864486,154
65.9264246,131
65.9664006,150
66.0063766,149
66.0463526,155
66.0863286,152
66.1263046,144
66.1662806,170
66.2062566,158
66.2462326,139
66.2862086,158
66.3261846,140
66.3661606,163
66.4061366,113
66.4461126,109
66.4860886,161
66.5260646,140
66.5660406,165
66.6060166,156
66.6459926,121
66.6859686,148
66.7259446,156
66.7659206,173
66.8058966,171
66.8458726,155
66.8858486,136
66.9258246,147
66.9658006,161
67.0057766,154
67.0457526,165
67.0857286,139
67.1257046,145
67.1656806,147
67.2056566,167
67.2456326,164
67.2856086,146
67.3255846,155
67.3655606,148
67.4055366,145
67.4455126,181
67.4854886,174
67.5254646,160
67.5654406,169
67.6054166,126
67.6453926,138
67.6853686,160
67.7253446,157
67.7653206,152
67.8052966,171
67.8452726,165
67.8852486,154
67.9252246,193
67.9652006,174
68.0051766,148
68.0451526,149
68.0851286,146
68.1251046,150
68.1650806,160
68.2050566,136
68.2450326,158
68.2850086,176
68.3249846,152
68.3649606,144
68.4049366,168
68.4449126,168
68.4848886,184
68.5248646,173
68.5648406,162
68.6048166,183
68.6447926,149
68.6847686,168
68.7247446,167
68.7647206,141
68.8046966,168
68.8446726,167
68.8846486,161
68.9246246,153
68.9646006,158
69.0045766,164
69.0445526,165
69.0845286,163
69.1245046,171
69.1644806,182
69.2044566,145
69.2444326,168
69.2844086,173
69.3243846,155
69.3643606,156
69.4043366,161
69.4443126,158
69.4842886,165
69.5242646,173
69.5642406,161
69.6042166,144
69.6441926,169
69.6841686,173
69.7241446,173
69.7641206,152
69.8040966,167
69.8440726,166
69.8840486,173
69.9240246,178
69.9640006,179
70.0039766,171
70.0439526,167
70.0839286,170
70.1239046,173
70.1638806,181
70.2038566,185
70.2438326,149
70.2838086,150
70.3237846,192
70.3637606,134
70.4037366,167
70.4437126,164
70.4836886,171
70.5236646,164
70.5636406,201
70.6036166,154
70.6435926,158
70.6835686,167
70.7235447,158
70.7635207,165
70.8034967,174
70.8434727,191
70.8834487,168
70.9234247,137
70.9634007,193
71.0033767,160
71.0433527,161
71.0833287,152
71.1233047,149
71.1632807,193
71.2032567,182
71.2432327,177
71.2832087,144
71.3231847,174
71.3631607,153
71.4031367,155
71.4431127,150
71.4830887,166
71.5230647,178
71.5630407,159
71.6030167,155
71.6429927,156
71.6829687,136
71.7229447,151
71.7629207,167
71.8028967,157
71.8428727,171
71.8828487,176
71.9228247,142
71.9628007,173
72.0027767,159
72.0427527,172
72.0827287,181
72.1227047,173
72.1626807,173
72.2026567,164
72.2426327,138
72.2826087,162
72.3225847,165
72.3625607,169
72.4025367,162
72.4425127,165
72.4824887,178
72.5224647,174
72.5624407,179
72.6024167,150
72.6423927,151
72.6823687,169
72.7223447,148
72.7623207,175
72.8022967,176
72.8422727,191
72.8822487,142
72.9222247,162
72.9622007,183
73.0021767,159
73.0421527,141
73.0821287,159
73.1221047,173
73.1620807,166
73.2020567,174
73.2420327,173
73.2820087,150
73.3219847,155
73.3619607,181
73.4019367,186
73.4419127,160
73.4818887,156
73.5218647,175
73.5618407,163
73.6018167,163
73.6417927,177
73.6817687,163
73.7217447,166
73.7617207,146
73.8016967,159
73.8416727,168
73.8816487,164
73.9216247,172
73.9616007,185
74.0015767,151
74.0415527,175
74.0815287,168
74.1215047,171
74.1614807,167
74.2014567,169
74.2414327,178
74.2814087,168
74.3213847,178
74.3613607,156
74.4013367,182
74.4413127,187
74.4812887,165
74.5212647,151
74.5612407,185
74.6012167,165
74.6411927,170
74.6811687,149
74.7211447,168
74.7611207,157
74.8010967,141
74.8410727,163
74.8810487,130
74.9210247,153
74.9610007,170
75.0009767,157
75.0409527,162
75.0809287,173
75.1209047,185
75.1608807,154
75.2008567,158
75.2408327,177
75.2808087,158
75.3207847,182
75.3607607,167
75.4007367,149
75.4407127,162
75.4806887,154
75.5206647,159
75.5606407,158
75.6006167,144
75.6405927,151
75.6805687,163
75.7205447,169
75.7605207,170
75.8004967,160
75.8404727,153
75.8804487,175
75.9204247,161
75.9604007,171
76.0003767,168
76.0403527,153
76.0803287,163
76.1203047,167
76.1602807,154
76.2002567,173
76.2402327,174
76.2802087,172
76.3201847,146
76.3601607,159
76.4001367,156
76.4401127,146
76.4800887,168
76.5200647,177
76.5600407,181
76.6000167,148
76.6399927,175
76.6799687,149
76.7199447,162
76.7599207,166
76.7998967,144
76.8398727,164
76.8798487,171
76.9198247,181
76.9598007,177
76.9997767,142
77.0397527,154
77.0797287,171
77.1197047,159
77.1596807,181
77.1996567,183
77.2396327,152
77.2796087,172
77.3195847,163
77.3595607,150
77.3995367,180
77.4395127,149
77.4794887,176
77.5194647,152
77.5594407,170
77.5994167,143
77.6393927,165
77.6793687,172
77.7193447,159
77.7593207,168
77.7992967,165
77.8392727,147
77.8792487,157
77.9192247,138
77.9592007,172
77.9991767,155
78.0391527,148
78.0791287,160
78.1191047,174
78.1590807,145
78.1990567,168
78.2390327,132
78.2790087,188
78.3189847,184
78.3589607,151
78.3989367,147
78.4389127,170
78.4788887,137
78.5188647,136
78.5588407,166
78.5988167,165
78.6387927,141
78.6787687,158
78.7187447,173
78.7587207,156
78.7986967,164
78.8386727,162
78.8786487,160
78.9186247,196
78.9586007,158
78.9985767,172
79.0385527,163
79.0785287,183
79.1185047,158
79.1584807,157
79.1984567,160
79.2384327,144
79.2784087,170
79.3183847,163
79.3583607,167
79.3983367,154
79.4383127,169
79.4782887,163
79.5182647,156
79.5582407,167
79.5982167,180
79.6381927,155
79.6781687,146
79.7181447,138
79.7581207,172
79.7980967,146
79.8380727,162
79.8780487,175
79.9180247,167
79.9580007,160
79.9979767,133
80.0379527,157
80.0779288,159
80.1179048,179
80.1578808,151
80.1978568,160
80.2378328,156
80.2778088,156
80.3177848,181
80.3577608,163
80.3977368,177
80.4377128,152
80.4776888,158
80.5176648,152
80.5576408,135
80.5976168,160
80.6375928,164
80.6775688,153
80.7175448,154
80.7575208,171
80.7974968,173
80.8374728,162
80.8774488,154
80.9174248,165
80.9574008,139
80.9973768,160
81.0373528,160
81.0773288,134
81.1173048,153
81.1572808,143
81.1972568,171
81.2372328,173
81.2772088,172
81.3171848,147
81.3571608,158
81.3971368,170
81.4371128,169
81.4770888,162
81.5170648,156
81.5570408,165
81.5970168,158
81.6369928,152
81.6769688,181
81.7169448,146
81.7569208,151
81.7968968,164
81.8368728,149
81.8768488,177
81.9168248,157
81.9568008,147
81.9967768,186
82.0367528,164
82.0767288,165
82.1167048,189
82.1566808,162
82.1966568,170
82.2366328,148
82.2766088,157
82.3165848,175
82.3565608,141
82.3965368,184
82.4365128,129
82.4764888,178
82.5164648,169
82.5564408,172
82.5964168,146
82.6363928,150
82.6763688,158
82.7163448,170
82.7563208,180
82.7962968,168
82.8362728,172
82.8762488,172
82.9162248,163
82.9562008,154
82.9961768,147
83.0361528,136
83.0761288,183
83.1161048,171
83.1560808,159
83.1960568,152
83.2360328,166
83.2760088,135
83.3159848,184
83.3559608,176
83.3959368,162
83.4359128,161
83.4758888,159
83.5158648,150
83.5558408,165
83.5958168,160
83.6357928,158
83.6757688,143
83.7157448,145
83.7557208,155
83.7956968,145
83.8356728,151
83.8756488,159
83.9156248,158
83.9556008,152
83.9955768,162
84.0355528,179
84.0755288,164
84.1155048,165
84.1554808,151
84.1954568,154
84.2354328,125
84.2754088,150
84.3153848,163
84.3553608,149
84.3953368,168
84.4353128,142
84.4752888,130
84.5152648,150
84.5552408,137
84.5952168,174
84.6351928,144
84.6751688,147
84.7151448,144
84.7551208,154
84.7950968,133
84.8350728,149
84.8750488,158
84.9150248,157
84.9550008,150
84.9949768,157
85.0349528,145
85.0749288,137
85.1149048,136
85.1548808,185
85.1948568,175
85.2348328,162
85.2748088,149
85.3147848,168
85.3547608,157
85.3947368,157
85.4347128,148
85.4746888,169
85.5146648,133
85.5546408,174
85.5946168,177
85.6345928,133
85.6745688,169
85.7145448,149
85.7545208,182
85.7944968,166
85.8344728,167
85.8744488,160
85.9144248,145
85.9544008,167
85.9943768,156
86.0343528,118
86.0743288,138
86.1143048,170
86.1542808,145
86.1942568,169
86.2342328,145
86.2742088,134
86.3141848,152
86.3541608,167
86.3941368,154
86.4341128,149
86.4740888,159
86.5140648,142
86.5540408,180
86.5940168,167
86.6339928,154
86.6739688,133
86.7139448,143
86.7539208,134
86.7938968,151
86.8338728,162
86.8738488,161
86.9138248,159
86.9538008,153
86.9937768,143
87.0337528,155
87.0737288,164
87.1137048,145
87.1536808,158
87.1936568,149
87.2336328,145
87.2736088,128
87.3135848,125
87.3535608,146
87.3935368,128
87.4335128,144
87.4734888,162
87.5134648,151
87.5534408,143
87.5934168,165
87.6333928,136
87.6733688,148
87.7133448,130
87.7533208,155
87.7932968,142
87.8332728,145
87.8732488,164
87.9132248,155
87.9532008,147
87.9931768,144
88.0331528,139
88.0731288,146
88.1131048,155
88.1530808,151
88.1930568,163
88.2330328,163
88.2730088,149
88.3129848,148
88.3529608,139
88.3929368,160
88.4329128,180
88.4728888,154
88.5128648,142
88.5528408,175
88.5928168,130
88.6327928,143
88.6727688,144
88.7127448,139
88.7527208,154
88.7926968,169
88.8326728,148
88.8726488,161
88.9126248,127
88.9526008,139
88.9925768,161
89.0325528,165
89.0725288,141
89.1125048,148
89.1524808,156
89.1924568,155
89.2324328,110
89.2724088,153
89.3123848,154
89.3523608,158
89.3923369,147
89.4323129,149
89.4722889,139
89.5122649,146
89.5522409,150
89.5922169,144
89.6321929,137
89.6721689,127
89.7121449,145
89.7521209,157
89.7920969,140
89.8320729,152
89.8720489,135
89.9120249,137
89.9520009,150
89.9919769,145
90.0319529,149
