'y-axis saved as y
'x,MoS2_amonio.raw
10,1454
10.039976,1451
10.079952,1469
10.119928,1371
10.159904,1479
10.19988,1470
10.239856,1479
10.279832,1398
10.319808,1374
10.359784,1365
10.39976,1405
10.439736,1350
10.479712,1340
10.519688,1312
10.559664,1381
10.59964,1287
10.639616,1335
10.679592,1307
10.719568,1288
10.759544,1171
10.79952,1234
10.839496,1260
10.879472,1245
10.919448,1228
10.959424,1270
10.9994,1251
11.039376,1282
11.079352,1285
11.119328,1256
11.159304,1207
11.19928,1166
11.239256,1226
11.279232,1249
11.319208,1202
11.359184,1097
11.39916,1106
11.439136,1161
11.479112,1125
11.519088,1193
11.559064,1217
11.59904,1166
11.639016,1153
11.678992,1072
11.718968,1082
11.758944,1119
11.79892,1137
11.838896,1092
11.878872,1057
11.918848,1088
11.958824,1046
11.9988,1051
12.038776,1089
12.078752,1062
12.118728,1053
12.158704,1035
12.19868,1058
12.238656,1036
12.278632,1060
12.318608,1022
12.358584,1021
12.39856,1061
12.438536,964
12.478512,1017
12.518488,1002
12.558464,1019
12.59844,994
12.638416,989
12.678392,974
12.718368,977
12.758344,949
12.79832,932
12.838296,999
12.878272,936
12.918248,926
12.958224,889
12.9982,943
13.038176,858
13.078152,962
13.118128,912
13.158104,921
13.19808,847
13.238056,919
13.278032,930
13.318008,855
13.357984,917
13.39796,886
13.437936,872
13.477912,853
13.517888,863
13.557864,906
13.59784,895
13.637816,856
13.677792,853
13.717768,859
13.757744,837
13.79772,863
13.837696,892
13.877672,810
13.917648,857
13.957624,794
13.9976,832
14.037576,826
14.077552,854
14.117528,820
14.157504,834
14.19748,824
14.237456,871
14.277432,831
14.317408,782
14.357384,781
14.39736,793
14.437336,774
14.477312,759
14.517288,817
14.557264,766
14.59724,783
14.637216,770
14.6771921,785
14.7171681,739
14.7571441,770
14.7971201,801
14.8370961,752
14.8770721,763
14.9170481,778
14.9570241,774
14.9970001,741
15.0369761,721
15.0769521,748
15.1169281,783
15.1569041,759
15.1968801,695
15.2368561,707
15.2768321,665
15.3168081,742
15.3567841,727
15.3967601,703
15.4367361,717
15.4767121,713
15.5166881,707
15.5566641,741
15.5966401,725
15.6366161,700
15.6765921,723
15.7165681,760
15.7565441,719
15.7965201,702
15.8364961,757
15.8764721,678
15.9164481,665
15.9564241,701
15.9964001,679
16.0363761,700
16.0763521,652
16.1163281,714
16.1563041,684
16.1962801,753
16.2362561,656
16.2762321,698
16.3162081,653
16.3561841,595
16.3961601,700
16.4361361,695
16.4761121,663
16.5160881,658
16.5560641,690
16.5960401,644
16.6360161,634
16.6759921,653
16.7159681,669
16.7559441,649
16.7959201,651
16.8358961,661
16.8758721,648
16.9158481,622
16.9558241,617
16.9958001,612
17.0357761,617
17.0757521,645
17.1157281,624
17.1557041,638
17.1956801,665
17.2356561,620
17.2756321,643
17.3156081,649
17.3555841,607
17.3955601,621
17.4355361,597
17.4755121,661
17.5154881,646
17.5554641,625
17.5954401,605
17.6354161,596
17.6753921,619
17.7153681,555
17.7553441,581
17.7953201,574
17.8352961,601
17.8752721,575
17.9152481,533
17.9552241,602
17.9952001,555
18.0351761,569
18.0751521,574
18.1151281,524
18.1551041,526
18.1950801,557
18.2350561,595
18.2750321,526
18.3150081,541
18.3549841,512
18.3949601,531
18.4349361,569
18.4749121,571
18.5148881,566
18.5548641,552
18.5948401,506
18.6348161,549
18.6747921,539
18.7147681,533
18.7547441,491
18.7947201,557
18.8346961,527
18.8746721,434
18.9146481,490
18.9546241,525
18.9946001,510
19.0345761,516
19.0745521,512
19.1145281,487
19.1545041,466
19.1944801,498
19.2344561,477
19.2744321,501
19.3144081,485
19.3543841,462
19.3943601,475
19.4343361,468
19.4743121,507
19.5142881,469
19.5542641,502
19.5942401,481
19.6342161,444
19.6741921,465
19.7141681,446
19.7541441,483
19.7941201,462
19.8340961,504
19.8740721,438
19.9140481,490
19.9540241,478
19.9940001,475
20.0339761,422
20.0739521,394
20.1139281,459
20.1539041,457
20.1938801,432
20.2338561,477
20.2738321,435
20.3138081,454
20.3537841,458
20.3937601,420
20.4337361,428
20.4737121,463
20.5136881,457
20.5536641,421
20.5936401,439
20.6336161,438
20.6735921,402
20.7135681,390
20.7535441,442
20.7935201,400
20.8334961,401
20.8734721,440
20.9134481,445
20.9534241,385
20.9934001,408
21.0333761,397
21.0733521,396
21.1133281,400
21.1533041,411
21.1932801,384
21.2332561,442
21.2732321,424
21.3132081,426
21.3531841,414
21.3931601,411
21.4331361,396
21.4731121,400
21.5130881,374
21.5530641,402
21.5930401,438
21.6330161,401
21.6729921,411
21.7129681,420
21.7529441,387
21.7929201,393
21.8328961,387
21.8728721,401
21.9128481,417
21.9528241,355
21.9928001,391
22.0327761,425
22.0727521,399
22.1127281,406
22.1527041,394
22.1926801,437
22.2326561,376
22.2726321,400
22.3126081,380
22.3525841,366
22.3925601,399
22.4325361,384
22.4725121,367
22.5124881,377
22.5524641,385
22.5924401,395
22.6324161,387
22.6723921,378
22.7123681,379
22.7523441,392
22.7923201,373
22.8322961,395
22.8722721,370
22.9122481,356
22.9522241,359
22.9922001,372
23.0321761,360
23.0721521,356
23.1121281,395
23.1521041,363
23.1920801,360
23.2320561,365
23.2720321,393
23.3120081,375
23.3519841,368
23.3919601,338
23.4319361,378
23.4719121,359
23.5118881,383
23.5518641,378
23.5918401,374
23.6318161,330
23.6717921,350
23.7117681,356
23.7517441,377
23.7917201,369
23.8316961,356
23.8716721,367
23.9116481,388
23.9516241,391
23.9916001,365
24.0315762,357
24.0715522,392
24.1115282,351
24.1515042,375
24.1914802,368
24.2314562,351
24.2714322,360
24.3114082,357
24.3513842,321
24.3913602,329
24.4313362,354
24.4713122,351
24.5112882,342
24.5512642,350
24.5912402,354
24.6312162,352
24.6711922,334
24.7111682,348
24.7511442,341
24.7911202,362
24.8310962,347
24.8710722,376
24.9110482,353
24.9510242,331
24.9910002,373
25.0309762,360
25.0709522,348
25.1109282,353
25.1509042,377
25.1908802,372
25.2308562,327
25.2708322,370
25.3108082,344
25.3507842,364
25.3907602,403
25.4307362,330
25.4707122,382
25.5106882,381
25.5506642,352
25.5906402,345
25.6306162,393
25.6705922,392
25.7105682,376
25.7505442,371
25.7905202,315
25.8304962,329
25.8704722,352
25.9104482,369
25.9504242,369
25.9904002,331
26.0303762,320
26.0703522,365
26.1103282,334
26.1503042,361
26.1902802,358
26.2302562,333
26.2702322,342
26.3102082,331
26.3501842,359
26.3901602,375
26.4301362,343
26.4701122,362
26.5100882,344
26.5500642,358
26.5900402,367
26.6300162,373
26.6699922,329
26.7099682,356
26.7499442,367
26.7899202,351
26.8298962,374
26.8698722,328
26.9098482,338
26.9498242,340
26.9898002,343
27.0297762,363
27.0697522,332
27.1097282,329
27.1497042,373
27.1896802,347
27.2296562,357
27.2696322,359
27.3096082,362
27.3495842,369
27.3895602,305
27.4295362,364
27.4695122,335
27.5094882,332
27.5494642,328
27.5894402,340
27.6294162,327
27.6693922,334
27.7093682,355
27.7493442,343
27.7893202,317
27.8292962,318
27.8692722,329
27.9092482,329
27.9492242,336
27.9892002,342
28.0291762,333
28.0691522,325
28.1091282,337
28.1491042,311
28.1890802,351
28.2290562,337
28.2690322,320
28.3090082,338
28.3489842,349
28.3889602,336
28.4289362,357
28.4689122,344
28.5088882,311
28.5488642,317
28.5888402,335
28.6288162,321
28.6687922,340
28.7087682,352
28.7487442,352
28.7887202,360
28.8286962,345
28.8686722,322
28.9086482,299
28.9486242,334
28.9886002,336
29.0285762,319
29.0685522,318
29.1085282,332
29.1485042,341
29.1884802,353
29.2284562,339
29.2684322,310
29.3084082,369
29.3483842,347
29.3883602,317
29.4283362,347
29.4683122,360
29.5082882,326
29.5482642,321
29.5882402,336
29.6282162,314
29.6681922,334
29.7081682,321
29.7481442,337
29.7881202,317
29.8280962,316
29.8680722,353
29.9080482,333
29.9480242,354
29.9880002,330
30.0279762,341
30.0679522,361
30.1079282,374
30.1479042,360
30.1878802,330
30.2278562,346
30.2678322,329
30.3078082,314
30.3477842,339
30.3877602,360
30.4277362,367
30.4677122,358
30.5076882,352
30.5476642,375
30.5876402,327
30.6276162,348
30.6675922,397
30.7075682,360
30.7475442,368
30.7875202,346
30.8274962,347
30.8674722,336
30.9074482,339
30.9474242,393
30.9874002,374
31.0273762,370
31.0673522,356
31.1073282,356
31.1473042,374
31.1872802,408
31.2272562,419
31.2672322,414
31.3072082,405
31.3471842,413
31.3871602,411
31.4271362,417
31.4671122,415
31.5070882,432
31.5470642,426
31.5870402,451
31.6270162,448
31.6669922,490
31.7069682,441
31.7469442,420
31.7869202,420
31.8268962,447
31.8668722,435
31.9068482,481
31.9468242,499
31.9868002,460
32.0267762,467
32.0667522,506
32.1067282,514
32.1467042,511
32.1866802,486
32.2266562,510
32.2666322,502
32.3066082,483
32.3465842,501
32.3865602,493
32.4265362,487
32.4665122,530
32.5064882,524
32.5464642,523
32.5864402,472
32.6264162,524
32.6663922,531
32.7063682,499
32.7463442,515
32.7863202,527
32.8262962,531
32.8662722,483
32.9062482,521
32.9462242,548
32.9862002,522
33.0261762,508
33.0661522,515
33.1061282,509
33.1461042,533
33.1860802,510
33.2260562,539
33.2660322,577
33.3060082,513
33.3459842,550
33.3859603,523
33.4259363,530
33.4659123,539
33.5058883,528
33.5458643,488
33.5858403,496
33.6258163,515
33.6657923,542
33.7057683,548
33.7457443,554
33.7857203,549
33.8256963,532
33.8656723,485
33.9056483,507
33.9456243,526
33.9856003,532
34.0255763,513
34.0655523,483
34.1055283,514
34.1455043,518
34.1854803,527
34.2254563,549
34.2654323,573
34.3054083,524
34.3453843,484
34.3853603,513
34.4253363,532
34.4653123,528
34.5052883,490
34.5452643,550
34.5852403,497
34.6252163,477
34.6651923,442
34.7051683,531
34.7451443,548
34.7851203,554
34.8250963,517
34.8650723,502
34.9050483,541
34.9450243,539
34.9850003,473
35.0249763,505
35.0649523,521
35.1049283,543
35.1449043,504
35.1848803,534
35.2248563,533
35.2648323,537
35.3048083,529
35.3447843,493
35.3847603,540
35.4247363,460
35.4647123,484
35.5046883,508
35.5446643,483
35.5846403,523
35.6246163,486
35.6645923,510
35.7045683,497
35.7445443,529
35.7845203,529
35.8244963,494
35.8644723,491
35.9044483,495
35.9444243,481
35.9844003,479
36.0243763,491
36.0643523,462
36.1043283,471
36.1443043,493
36.1842803,471
36.2242563,462
36.2642323,480
36.3042083,499
36.3441843,484
36.3841603,450
36.4241363,497
36.4641123,517
36.5040883,498
36.5440643,486
36.5840403,472
36.6240163,482
36.6639923,508
36.7039683,473
36.7439443,493
36.7839203,420
36.8238963,465
36.8638723,425
36.9038483,441
36.9438243,452
36.9838003,504
37.0237763,429
37.0637523,493
37.1037283,453
37.1437043,480
37.1836803,489
37.2236563,478
37.2636323,461
37.3036083,472
37.3435843,486
37.3835603,474
37.4235363,437
37.4635123,427
37.5034883,465
37.5434643,436
37.5834403,449
37.6234163,441
37.6633923,457
37.7033683,472
37.7433443,439
37.7833203,413
37.8232963,437
37.8632723,429
37.9032483,487
37.9432243,437
37.9832003,447
38.0231763,436
38.0631523,409
38.1031283,441
38.1431043,444
38.1830803,425
38.2230563,429
38.2630323,407
38.3030083,442
38.3429843,436
38.3829603,458
38.4229363,447
38.4629123,420
38.5028883,458
38.5428643,400
38.5828403,432
38.6228163,419
38.6627923,383
38.7027683,444
38.7427443,407
38.7827203,427
38.8226963,394
38.8626723,410
38.9026483,394
38.9426243,425
38.9826003,438
39.0225763,445
39.0625523,410
39.1025283,418
39.1425043,398
39.1824803,421
39.2224563,424
39.2624323,403
39.3024083,394
39.3423843,406
39.3823603,427
39.4223363,414
39.4623123,441
39.5022883,410
39.5422643,379
39.5822403,427
39.6222163,413
39.6621923,403
39.7021683,408
39.7421443,392
39.7821203,402
39.8220963,385
39.8620723,428
39.9020483,427
39.9420243,401
39.9820003,414
40.0219763,390
40.0619523,372
40.1019283,401
40.1419043,372
40.1818803,397
40.2218563,384
40.2618323,433
40.3018083,402
40.3417843,430
40.3817603,398
40.4217363,382
40.4617123,408
40.5016883,407
40.5416643,440
40.5816403,369
40.6216163,354
40.6615923,417
40.7015683,392
40.7415443,372
40.7815203,404
40.8214963,381
40.8614723,412
40.9014483,388
40.9414243,369
40.9814003,394
41.0213763,411
41.0613523,406
41.1013283,403
41.1413043,392
41.1812803,372
41.2212563,404
41.2612323,411
41.3012083,374
41.3411843,413
41.3811603,355
41.4211363,382
41.4611123,374
41.5010883,381
41.5410643,394
41.5810403,379
41.6210163,421
41.6609923,356
41.7009683,374
41.7409443,388
41.7809203,409
41.8208963,392
41.8608723,444
41.9008483,372
41.9408243,372
41.9808003,381
42.0207763,385
42.0607523,402
42.1007283,383
42.1407043,401
42.1806803,407
42.2206563,350
42.2606323,400
42.3006083,413
42.3405843,412
42.3805603,406
42.4205363,373
42.4605123,409
42.5004883,370
42.5404643,381
42.5804403,361
42.6204163,377
42.6603923,377
42.7003684,388
42.7403444,381
42.7803204,359
42.8202964,359
42.8602724,379
42.9002484,385
42.9402244,382
42.9802004,389
43.0201764,394
43.0601524,432
43.1001284,388
43.1401044,392
43.1800804,339
43.2200564,403
43.2600324,361
43.3000084,390
43.3399844,356
43.3799604,359
43.4199364,384
43.4599124,363
43.4998884,379
43.5398644,420
43.5798404,376
43.6198164,365
43.6597924,389
43.6997684,383
43.7397444,372
43.7797204,350
43.8196964,362
43.8596724,337
43.8996484,400
43.9396244,400
43.9796004,353
44.0195764,377
44.0595524,355
44.0995284,380
44.1395044,345
44.1794804,348
44.2194564,390
44.2594324,359
44.2994084,362
44.3393844,348
44.3793604,378
44.4193364,335
44.4593124,360
44.4992884,350
44.5392644,385
44.5792404,386
44.6192164,358
44.6591924,377
44.6991684,366
44.7391444,386
44.7791204,371
44.8190964,361
44.8590724,301
44.8990484,364
44.9390244,396
44.9790004,368
45.0189764,388
45.0589524,346
45.0989284,333
45.1389044,375
45.1788804,347
45.2188564,326
45.2588324,351
45.2988084,326
45.3387844,392
45.3787604,355
45.4187364,360
45.4587124,360
45.4986884,347
45.5386644,354
45.5786404,354
45.6186164,324
45.6585924,336
45.6985684,348
45.7385444,380
45.7785204,327
45.8184964,353
45.8584724,352
45.8984484,336
45.9384244,348
45.9784004,343
46.0183764,340
46.0583524,348
46.0983284,356
46.1383044,356
46.1782804,377
46.2182564,339
46.2582324,348
46.2982084,313
46.3381844,357
46.3781604,345
46.4181364,327
46.4581124,383
46.4980884,326
46.5380644,348
46.5780404,347
46.6180164,345
46.6579924,375
46.6979684,344
46.7379444,341
46.7779204,350
46.8178964,366
46.8578724,334
46.8978484,284
46.9378244,361
46.9778004,315
47.0177764,387
47.0577524,351
47.0977284,345
47.1377044,344
47.1776804,339
47.2176564,328
47.2576324,327
47.2976084,351
47.3375844,377
47.3775604,347
47.4175364,294
47.4575124,333
47.4974884,326
47.5374644,316
47.5774404,355
47.6174164,322
47.6573924,334
47.6973684,338
47.7373444,351
47.7773204,328
47.8172964,332
47.8572724,341
47.8972484,362
47.9372244,363
47.9772004,324
48.0171764,335
48.0571524,321
48.0971284,330
48.1371044,339
48.1770804,345
48.2170564,338
48.2570324,324
48.2970084,324
48.3369844,323
48.3769604,320
48.4169364,358
48.4569124,342
48.4968884,331
48.5368644,346
48.5768404,347
48.6168164,351
48.6567924,372
48.6967684,307
48.7367444,323
48.7767204,300
48.8166964,351
48.8566724,315
48.8966484,297
48.9366244,330
48.9766004,300
49.0165764,298
49.0565524,334
49.0965284,344
49.1365044,302
49.1764804,341
49.2164564,330
49.2564324,324
49.2964084,349
49.3363844,306
49.3763604,317
49.4163364,338
49.4563124,301
49.4962884,311
49.5362644,300
49.5762404,353
49.6162164,303
49.6561924,333
49.6961684,324
49.7361444,329
49.7761204,336
49.8160964,305
49.8560724,339
49.8960484,312
49.9360244,316
49.9760004,343
50.0159764,315
50.0559524,287
50.0959284,351
50.1359044,329
50.1758804,315
50.2158564,280
50.2558324,317
50.2958084,316
50.3357844,321
50.3757604,307
50.4157364,293
50.4557124,319
50.4956884,298
50.5356644,299
50.5756404,316
50.6156164,304
50.6555924,326
50.6955684,277
50.7355444,310
50.7755204,299
50.8154964,327
50.8554724,304
50.8954484,291
50.9354244,318
50.9754004,310
51.0153764,300
51.0553524,312
51.0953284,301
51.1353044,300
51.1752804,286
51.2152564,267
51.2552324,290
51.2952084,296
51.3351844,312
51.3751604,291
51.4151364,273
51.4551124,303
51.4950884,278
51.5350644,320
51.5750404,275
51.6150164,283
51.6549924,286
51.6949684,255
51.7349444,313
51.7749204,331
51.8148964,280
51.8548724,262
51.8948484,283
51.9348244,295
51.9748004,311
52.0147764,316
52.0547525,270
52.0947285,287
52.1347045,322
52.1746805,299
52.2146565,290
52.2546325,308
52.2946085,294
52.3345845,285
52.3745605,293
52.4145365,291
52.4545125,311
52.4944885,293
52.5344645,276
52.5744405,272
52.6144165,299
52.6543925,272
52.6943685,270
52.7343445,279
52.7743205,231
52.8142965,274
52.8542725,287
52.8942485,279
52.9342245,307
52.9742005,252
53.0141765,296
53.0541525,256
53.0941285,273
53.1341045,298
53.1740805,268
53.2140565,272
53.2540325,270
53.2940085,286
53.3339845,281
53.3739605,266
53.4139365,268
53.4539125,272
53.4938885,296
53.5338645,289
53.5738405,280
53.6138165,251
53.6537925,253
53.6937685,285
53.7337445,294
53.7737205,258
53.8136965,261
53.8536725,268
53.8936485,257
53.9336245,265
53.9736005,305
54.0135765,293
54.0535525,248
54.0935285,253
54.1335045,287
54.1734805,275
54.2134565,309
54.2534325,262
54.2934085,273
54.3333845,295
54.3733605,271
54.4133365,253
54.4533125,278
54.4932885,277
54.5332645,254
54.5732405,265
54.6132165,240
54.6531925,288
54.6931685,268
54.7331445,292
54.7731205,259
54.8130965,273
54.8530725,297
54.8930485,286
54.9330245,278
54.9730005,283
55.0129765,273
55.0529525,291
55.0929285,292
55.1329045,265
55.1728805,311
55.2128565,275
55.2528325,289
55.2928085,269
55.3327845,275
55.3727605,294
55.4127365,285
55.4527125,268
55.4926885,305
55.5326645,310
55.5726405,286
55.6126165,258
55.6525925,297
55.6925685,264
55.7325445,319
55.7725205,304
55.8124965,271
55.8524725,268
55.8924485,338
55.9324245,285
55.9724005,296
56.0123765,303
56.0523525,285
56.0923285,301
56.1323045,322
56.1722805,340
56.2122565,304
56.2522325,302
56.2922085,319
56.3321845,338
56.3721605,317
56.4121365,313
56.4521125,286
56.4920885,309
56.5320645,299
56.5720405,300
56.6120165,301
56.6519925,306
56.6919685,295
56.7319445,365
56.7719205,344
56.8118965,333
56.8518725,330
56.8918485,318
56.9318245,332
56.9718005,297
57.0117765,338
57.0517525,320
57.0917285,303
57.1317045,340
57.1716805,351
57.2116565,284
57.2516325,306
57.2916085,317
57.3315845,324
57.3715605,311
57.4115365,315
57.4515125,347
57.4914885,290
57.5314645,305
57.5714405,349
57.6114165,312
57.6513925,315
57.6913685,306
57.7313445,303
57.7713205,300
57.8112965,280
57.8512725,318
57.8912485,290
57.9312245,287
57.9712005,303
58.0111765,293
58.0511525,296
58.0911285,289
58.1311045,300
58.1710805,298
58.2110565,303
58.2510325,295
58.2910085,294
58.3309845,253
58.3709605,310
58.4109365,261
58.4509125,283
58.4908885,273
58.5308645,258
58.5708405,284
58.6108165,247
58.6507925,273
58.6907685,267
58.7307445,255
58.7707205,264
58.8106965,272
58.8506725,265
58.8906485,263
58.9306245,250
58.9706005,274
59.0105765,246
59.0505525,270
59.0905285,252
59.1305045,226
59.1704805,255
59.2104565,261
59.2504325,245
59.2904085,266
59.3303845,245
59.3703605,267
59.4103365,225
59.4503125,225
59.4902885,238
59.5302645,243
59.5702405,265
59.6102165,237
59.6501925,233
59.6901685,263
59.7301445,213
59.7701205,221
59.8100965,245
59.8500725,240
59.8900485,238
59.9300245,207
59.9700005,209
60.0099765,214
60.0499525,216
60.0899285,217
60.1299045,215
60.1698805,207
60.2098565,236
60.2498325,234
60.2898085,204
60.3297845,214
60.3697605,219
60.4097365,233
60.4497125,201
60.4896885,225
60.5296645,203
60.5696405,225
60.6096165,230
60.6495925,208
60.6895685,217
60.7295445,225
60.7695205,189
60.8094965,203
60.8494725,209
60.8894485,192
60.9294245,202
60.9694005,217
61.0093765,223
61.0493525,218
61.0893285,220
61.1293045,232
61.1692805,237
61.2092565,186
61.2492325,186
61.2892085,187
61.3291845,211
61.3691605,195
61.4091366,196
61.4491126,197
61.4890886,203
61.5290646,206
61.5690406,211
61.6090166,213
61.6489926,216
61.6889686,189
61.7289446,203
61.7689206,219
61.8088966,210
61.8488726,213
61.8888486,214
61.9288246,201
61.9688006,190
62.0087766,202
62.0487526,217
62.0887286,188
62.1287046,187
62.1686806,228
62.2086566,190
62.2486326,195
62.2886086,223
62.3285846,181
62.3685606,196
62.4085366,217
62.4485126,191
62.4884886,177
62.5284646,203
62.5684406,177
62.6084166,200
62.6483926,174
62.6883686,191
62.7283446,165
62.7683206,186
62.8082966,193
62.8482726,164
62.8882486,177
62.9282246,183
62.9682006,175
63.0081766,204
63.0481526,180
63.0881286,182
63.1281046,155
63.1680806,205
63.2080566,181
63.2480326,202
63.2880086,175
63.3279846,159
63.3679606,205
63.4079366,196
63.4479126,202
63.4878886,176
63.5278646,198
63.5678406,166
63.6078166,190
63.6477926,176
63.6877686,195
63.7277446,191
63.7677206,191
63.8076966,174
63.8476726,190
63.8876486,188
63.9276246,171
63.9676006,186
64.0075766,195
64.0475526,187
64.0875286,210
64.1275046,180
64.1674806,198
64.2074566,158
64.2474326,177
64.2874086,195
64.3273846,156
64.3673606,179
64.4073366,195
64.4473126,196
64.4872886,204
64.5272646,197
64.5672406,183
64.6072166,184
64.6471926,206
64.6871686,187
64.7271446,185
64.7671206,191
64.8070966,209
64.8470726,205
64.8870486,198
64.9270246,215
64.9670006,178
65.0069766,171
65.0469526,180
65.0869286,198
65.1269046,184
65.1668806,183
65.2068566,162
65.2468326,223
65.2868086,194
65.3267846,193
65.3667606,187
65.4067366,184
65.4467126,205
65.4866886,172
65.5266646,181
65.5666406,213
65.6066166,212
65.6465926,160
65.6865686,193
65.7265446,163
65.7665206,194
65.8064966,182
65.8464726,187
65.8864486,178
65.9264246,183
65.9664006,173
66.0063766,183
66.0463526,182
66.0863286,209
66.1263046,199
66.1662806,203
66.2062566,219
66.2462326,178
66.2862086,169
66.3261846,188
66.3661606,178
66.4061366,192
66.4461126,206
66.4860886,168
66.5260646,205
66.5660406,170
66.6060166,195
66.6459926,174
66.6859686,176
66.7259446,188
66.7659206,197
66.8058966,203
66.8458726,172
66.8858486,193
66.9258246,181
66.9658006,184
67.0057766,194
67.0457526,183
67.0857286,165
67.1257046,179
67.1656806,192
67.2056566,182
67.2456326,172
67.2856086,194
67.3255846,203
67.3655606,206
67.4055366,176
67.4455126,186
67.4854886,211
67.5254646,170
67.5654406,199
67.6054166,183
67.6453926,167
67.6853686,180
67.7253446,154
67.7653206,179
67.8052966,188
67.8452726,168
67.8852486,191
67.9252246,208
67.9652006,201
68.0051766,197
68.0451526,194
68.0851286,165
68.1251046,170
68.1650806,199
68.2050566,180
68.2450326,156
68.2850086,221
68.3249846,169
68.3649606,202
68.4049366,188
68.4449126,174
68.4848886,175
68.5248646,192
68.5648406,172
68.6048166,159
68.6447926,214
68.6847686,163
68.7247446,184
68.7647206,187
68.8046966,205
68.8446726,179
68.8846486,186
68.9246246,178
68.9646006,159
69.0045766,184
69.0445526,177
69.0845286,160
69.1245046,197
69.1644806,185
69.2044566,188
69.2444326,198
69.2844086,204
69.3243846,198
69.3643606,179
69.4043366,191
69.4443126,201
69.4842886,193
69.5242646,188
69.5642406,178
69.6042166,175
69.6441926,182
69.6841686,209
69.7241446,191
69.7641206,202
69.8040966,193
69.8440726,208
69.8840486,190
69.9240246,176
69.9640006,186
70.0039766,168
70.0439526,185
70.0839286,194
70.1239046,168
70.1638806,192
70.2038566,162
70.2438326,183
70.2838086,201
70.3237846,194
70.3637606,189
70.4037366,187
70.4437126,188
70.4836886,192
70.5236646,196
70.5636406,181
70.6036166,183
70.6435926,181
70.6835686,190
70.7235447,183
70.7635207,176
70.8034967,199
70.8434727,198
70.8834487,183
70.9234247,192
70.9634007,192
71.0033767,203
71.0433527,176
71.0833287,195
71.1233047,188
71.1632807,216
71.2032567,201
71.2432327,173
71.2832087,184
71.3231847,199
71.3631607,181
71.4031367,198
71.4431127,206
71.4830887,174
71.5230647,186
71.5630407,194
71.6030167,169
71.6429927,208
71.6829687,189
71.7229447,210
71.7629207,180
71.8028967,183
71.8428727,168
71.8828487,224
71.9228247,179
71.9628007,188
72.0027767,180
72.0427527,181
72.0827287,208
72.1227047,190
72.1626807,211
72.2026567,195
72.2426327,205
72.2826087,176
72.3225847,176
72.3625607,178
72.4025367,187
72.4425127,196
72.4824887,187
72.5224647,169
72.5624407,191
72.6024167,200
72.6423927,197
72.6823687,186
72.7223447,202
72.7623207,198
72.8022967,168
72.8422727,164
72.8822487,182
72.9222247,174
72.9622007,185
73.0021767,181
73.0421527,203
73.0821287,184
73.1221047,188
73.1620807,199
73.2020567,171
73.2420327,195
73.2820087,201
73.3219847,191
73.3619607,194
73.4019367,182
73.4419127,180
73.4818887,193
73.5218647,171
73.5618407,179
73.6018167,220
73.6417927,198
73.6817687,193
73.7217447,185
73.7617207,208
73.8016967,201
73.8416727,180
73.8816487,193
73.9216247,187
73.9616007,161
74.0015767,181
74.0415527,228
74.0815287,212
74.1215047,190
74.1614807,182
74.2014567,192
74.2414327,164
74.2814087,166
74.3213847,193
74.3613607,178
74.4013367,162
74.4413127,171
74.4812887,214
74.5212647,202
74.5612407,171
74.6012167,200
74.6411927,201
74.6811687,190
74.7211447,192
74.7611207,209
74.8010967,176
74.8410727,180
74.8810487,176
74.9210247,210
74.9610007,182
75.0009767,204
75.0409527,188
75.0809287,213
75.1209047,166
75.1608807,170
75.2008567,176
75.2408327,208
75.2808087,189
75.3207847,208
75.3607607,204
75.4007367,175
75.4407127,171
75.4806887,195
75.5206647,178
75.5606407,206
75.6006167,187
75.6405927,185
75.6805687,186
75.7205447,190
75.7605207,184
75.8004967,208
75.8404727,189
75.8804487,187
75.9204247,183
75.9604007,175
76.0003767,183
76.0403527,204
76.0803287,190
76.1203047,183
76.1602807,197
76.2002567,202
76.2402327,190
76.2802087,215
76.3201847,198
76.3601607,184
76.4001367,179
76.4401127,186
76.4800887,209
76.5200647,180
76.5600407,194
76.6000167,192
76.6399927,174
76.6799687,185
76.7199447,175
76.7599207,189
76.7998967,184
76.8398727,202
76.8798487,167
76.9198247,189
76.9598007,178
76.9997767,172
77.0397527,190
77.0797287,168
77.1197047,187
77.1596807,162
77.1996567,170
77.2396327,188
77.2796087,192
77.3195847,181
77.3595607,203
77.3995367,178
77.4395127,178
77.4794887,169
77.5194647,189
77.5594407,191
77.5994167,220
77.6393927,191
77.6793687,180
77.7193447,188
77.7593207,165
77.7992967,180
77.8392727,169
77.8792487,185
77.9192247,204
77.9592007,141
77.9991767,191
78.0391527,177
78.0791287,202
78.1191047,172
78.1590807,198
78.1990567,209
78.2390327,195
78.2790087,195
78.3189847,189
78.3589607,177
78.3989367,208
78.4389127,161
78.4788887,163
78.5188647,184
78.5588407,188
78.5988167,172
78.6387927,183
78.6787687,181
78.7187447,172
78.7587207,192
78.7986967,204
78.8386727,178
78.8786487,170
78.9186247,172
78.9586007,198
78.9985767,212
79.0385527,188
79.0785287,193
79.1185047,162
79.1584807,168
79.1984567,200
79.2384327,176
79.2784087,181
79.3183847,195
79.3583607,190
79.3983367,183
79.4383127,187
79.4782887,177
79.5182647,210
79.5582407,181
79.5982167,167
79.6381927,179
79.6781687,199
79.7181447,205
79.7581207,158
79.7980967,205
79.8380727,181
79.8780487,171
79.9180247,188
79.9580007,198
79.9979767,171
80.0379527,159
80.0779288,181
80.1179048,194
80.1578808,200
80.1978568,167
80.2378328,198
80.2778088,181
80.3177848,178
80.3577608,182
80.3977368,192
80.4377128,191
80.4776888,180
80.5176648,183
80.5576408,180
80.5976168,193
80.6375928,210
80.6775688,210
80.7175448,180
80.7575208,182
80.7974968,177
80.8374728,186
80.8774488,185
80.9174248,178
80.9574008,172
80.9973768,196
81.0373528,206
81.0773288,201
81.1173048,184
81.1572808,173
81.1972568,162
81.2372328,195
81.2772088,191
81.3171848,178
81.3571608,176
81.3971368,188
81.4371128,185
81.4770888,192
81.5170648,171
81.5570408,188
81.5970168,191
81.6369928,187
81.6769688,174
81.7169448,197
81.7569208,178
81.7968968,170
81.8368728,189
81.8768488,191
81.9168248,177
81.9568008,207
81.9967768,204
82.0367528,167
82.0767288,181
82.1167048,194
82.1566808,173
82.1966568,200
82.2366328,189
82.2766088,179
82.3165848,171
82.3565608,186
82.3965368,166
82.4365128,209
82.4764888,199
82.5164648,174
82.5564408,167
82.5964168,196
82.6363928,186
82.6763688,200
82.7163448,185
82.7563208,196
82.7962968,180
82.8362728,166
82.8762488,198
82.9162248,210
82.9562008,202
82.9961768,185
83.0361528,183
83.0761288,164
83.1161048,179
83.1560808,205
83.1960568,193
83.2360328,181
83.2760088,174
83.3159848,172
83.3559608,187
83.3959368,190
83.4359128,176
83.4758888,210
83.5158648,187
83.5558408,202
83.5958168,192
83.6357928,191
83.6757688,195
83.7157448,153
83.7557208,197
83.7956968,169
83.8356728,180
83.8756488,186
83.9156248,180
83.9556008,173
83.9955768,167
84.0355528,168
84.0755288,206
84.1155048,195
84.1554808,174
84.1954568,196
84.2354328,187
84.2754088,187
84.3153848,213
84.3553608,174
84.3953368,193
84.4353128,194
84.4752888,165
84.5152648,175
84.5552408,181
84.5952168,181
84.6351928,177
84.6751688,170
84.7151448,158
84.7551208,199
84.7950968,171
84.8350728,187
84.8750488,161
84.9150248,180
84.9550008,169
84.9949768,207
85.0349528,172
85.0749288,202
85.1149048,179
85.1548808,194
85.1948568,162
85.2348328,204
85.2748088,195
85.3147848,203
85.3547608,210
85.3947368,182
85.4347128,161
85.4746888,184
85.5146648,183
85.5546408,194
85.5946168,180
85.6345928,202
85.6745688,171
85.7145448,186
85.7545208,177
85.7944968,172
85.8344728,202
85.8744488,158
85.9144248,183
85.9544008,189
85.9943768,169
86.0343528,167
86.0743288,198
86.1143048,174
86.1542808,169
86.1942568,167
86.2342328,193
86.2742088,186
86.3141848,175
86.3541608,188
86.3941368,190
86.4341128,209
86.4740888,192
86.5140648,190
86.5540408,187
86.5940168,197
86.6339928,200
86.6739688,189
86.7139448,174
86.7539208,196
86.7938968,174
86.8338728,177
86.8738488,149
86.9138248,155
86.9538008,194
86.9937768,194
87.0337528,157
87.0737288,173
87.1137048,171
87.1536808,161
87.1936568,170
87.2336328,168
87.2736088,184
87.3135848,168
87.3535608,184
87.3935368,179
87.4335128,183
87.4734888,184
87.5134648,170
87.5534408,192
87.5934168,178
87.6333928,164
87.6733688,174
87.7133448,184
87.7533208,174
87.7932968,174
87.8332728,175
87.8732488,200
87.9132248,187
87.9532008,177
87.9931768,165
88.0331528,198
88.0731288,156
88.1131048,154
88.1530808,170
88.1930568,183
88.2330328,170
88.2730088,188
88.3129848,149
88.3529608,174
88.3929368,180
88.4329128,178
88.4728888,184
88.5128648,164
88.5528408,178
88.5928168,197
88.6327928,176
88.6727688,168
88.7127448,175
88.7527208,179
88.7926968,168
88.8326728,174
88.8726488,189
88.9126248,175
88.9526008,167
88.9925768,176
89.0325528,145
89.0725288,169
89.1125048,175
89.1524808,180
89.1924568,168
89.2324328,200
89.2724088,173
89.3123848,160
89.3523608,154
89.3923369,172
89.4323129,188
89.4722889,170
89.5122649,182
89.5522409,184
89.5922169,175
89.6321929,191
89.6721689,183
89.7121449,187
89.7521209,202
89.7920969,151
89.8320729,160
89.8720489,163
89.9120249,161
89.9520009,180
89.9919769,162
90.0319529,183
